2.000000E+00 9.172989E-01 -3.062432E-01
2.698000E+00 9.098843E-01 -3.963078E-01
3.396000E+00 8.804113E-01 -5.243455E-01
4.094000E+00 7.955914E-01 -6.469006E-01
4.792000E+00 6.872000E-01 -7.182767E-01
5.490000E+00 6.076708E-01 -7.542006E-01
6.188000E+00 5.569711E-01 -8.073407E-01
6.886000E+00 4.854895E-01 -8.908730E-01
7.584000E+00 3.675415E-01 -9.599956E-01
8.282000E+00 2.392950E-01 -9.767148E-01
8.980000E+00 1.476598E-01 -9.638083E-01
9.677999E+00 8.491621E-02 -9.711667E-01
1.037600E+01 2.659730E-03 -1.004491E+00
1.107400E+01 -1.167621E-01 -1.018973E+00
1.177200E+01 -2.347689E-01 -9.852985E-01
1.247000E+01 -3.121875E-01 -9.317482E-01
1.316800E+01 -3.642682E-01 -9.028916E-01
1.386600E+01 -4.364449E-01 -8.962652E-01
1.456400E+01 -5.378242E-01 -8.682324E-01
1.526200E+01 -6.288426E-01 -7.985329E-01
1.596000E+01 -6.790797E-01 -7.192693E-01
1.665800E+01 -7.101659E-01 -6.679111E-01
1.735600E+01 -7.627268E-01 -6.341195E-01
1.805400E+01 -8.372357E-01 -5.768841E-01
1.875200E+01 -8.945334E-01 -4.850703E-01
1.945000E+01 -9.132875E-01 -3.929533E-01
2.014800E+01 -9.198762E-01 -3.299097E-01
2.084600E+01 -9.486163E-01 -2.788519E-01
2.154400E+01 -9.919318E-01 -2.029577E-01
2.224200E+01 -1.012579E+00 -9.988507E-02
2.294000E+01 -9.981853E-01 -4.385307E-03
2.363800E+01 -9.779694E-01 6.265900E-02
2.433600E+01 -9.788081E-01 1.233553E-01
2.503400E+01 -9.862226E-01 2.087296E-01
2.573200E+01 -9.665606E-01 3.129029E-01
2.643000E+01 -9.161903E-01 4.022773E-01
2.712800E+01 -8.654788E-01 4.645979E-01
2.782600E+01 -8.332024E-01 5.253792E-01
2.852400E+01 -7.991422E-01 6.087964E-01
2.922200E+01 -7.341966E-01 7.014790E-01
2.992000E+01 -6.426118E-01 7.717519E-01
3.061800E+01 -5.546441E-01 8.147548E-01
3.131600E+01 -4.817578E-01 8.571340E-01
3.201400E+01 -4.005826E-01 9.156215E-01
3.271200E+01 -2.881668E-01 9.710075E-01
3.341000E+01 -1.559131E-01 9.948791E-01
3.410800E+01 -3.301906E-02 9.887908E-01
3.480600E+01 7.497893E-02 9.786456E-01
3.550400E+01 1.914962E-01 9.738214E-01
3.620200E+01 3.312669E-01 9.515764E-01
3.690000E+01 4.756192E-01 8.888869E-01
3.759800E+01 5.962321E-01 7.943782E-01
3.829600E+01 6.916246E-01 6.942040E-01
3.899400E+01 7.832021E-01 5.938435E-01
3.969200E+01 8.778883E-01 4.721215E-01
4.039000E+01 9.527450E-01 3.154488E-01
4.108800E+01 9.837226E-01 1.416941E-01
4.178600E+01 9.762700E-01 -2.073484E-02
4.248400E+01 9.538581E-01 -1.675772E-01
4.318200E+01 9.221573E-01 -3.171448E-01
4.388000E+01 8.610767E-01 -4.759077E-01
4.457800E+01 7.555200E-01 -6.216764E-01
4.527600E+01 6.200098E-01 -7.284175E-01
4.597400E+01 4.819098E-01 -7.968512E-01
4.667200E+01 3.472055E-01 -8.471588E-01
4.737000E+01 1.972619E-01 -8.834814E-01
4.806800E+01 2.263346E-02 -8.786510E-01
4.876600E+01 -1.485925E-01 -8.008944E-01
4.946400E+01 -2.623204E-01 -6.523335E-01
5.016200E+01 -2.770522E-01 -4.789712E-01
5.086000E+01 -1.929770E-01 -3.468520E-01
5.155800E+01 -5.360717E-02 -3.080025E-01
5.225600E+01 7.361393E-02 -3.760497E-01
5.295400E+01 1.273772E-01 -5.184419E-01
5.365200E+01 8.367041E-02 -6.707928E-01
5.435000E+01 -3.084767E-02 -7.735346E-01
5.504800E+01 -1.608619E-01 -8.087922E-01
5.574600E+01 -2.670520E-01 -8.033888E-01
5.644400E+01 -3.512405E-01 -7.925582E-01
5.714200E+01 -4.367464E-01 -7.832852E-01
5.784000E+01 -5.304344E-01 -7.575915E-01
5.853800E+01 -6.139508E-01 -7.062532E-01
5.923600E+01 -6.715218E-01 -6.457235E-01
5.993400E+01 -7.128744E-01 -5.967905E-01
6.063200E+01 -7.591824E-01 -5.572358E-01
6.133000E+01 -8.133324E-01 -5.076946E-01
6.202800E+01 -8.573855E-01 -4.413673E-01
6.272600E+01 -8.799800E-01 -3.743364E-01
6.342400E+01 -8.933088E-01 -3.222858E-01
6.412199E+01 -9.153867E-01 -2.782820E-01
6.482000E+01 -9.442267E-01 -2.238784E-01
6.551800E+01 -9.617144E-01 -1.566569E-01
6.621600E+01 -9.608990E-01 -9.368112E-02
6.691400E+01 -9.563298E-01 -4.630691E-02
6.761200E+01 -9.626290E-01 -3.812595E-03
6.831000E+01 -9.733140E-01 5.028113E-02
6.900800E+01 -9.709778E-01 1.137564E-01
6.970599E+01 -9.533365E-01 1.691669E-01
7.040400E+01 -9.365614E-01 2.096962E-01
7.110200E+01 -9.313375E-01 2.489538E-01
7.180000E+01 -9.273444E-01 3.005169E-01
7.249800E+01 -9.089414E-01 3.577996E-01
7.319600E+01 -8.784732E-01 4.039904E-01
7.389400E+01 -8.526881E-01 4.369462E-01
7.459200E+01 -8.378894E-01 4.721081E-01
7.529000E+01 -8.208262E-01 5.193545E-01
7.598800E+01 -7.886006E-01 5.683572E-01
7.668600E+01 -7.478296E-01 6.039820E-01
7.738400E+01 -7.147037E-01 6.286383E-01
7.808199E+01 -6.909645E-01 6.584050E-01
7.878000E+01 -6.615065E-01 6.989287E-01
7.947800E+01 -6.169616E-01 7.369686E-01
8.017599E+01 -5.675963E-01 7.599770E-01
8.087399E+01 -5.280069E-01 7.744678E-01
8.157200E+01 -4.955145E-01 7.959588E-01
8.227000E+01 -4.543362E-01 8.255717E-01
8.296800E+01 -3.992164E-01 8.480454E-01
8.366600E+01 -3.434276E-01 8.539920E-01
8.436400E+01 -2.993897E-01 8.533283E-01
8.506200E+01 -2.607440E-01 8.600563E-01
8.575999E+01 -2.124308E-01 8.710428E-01
8.645800E+01 -1.537730E-01 8.702202E-01
8.715600E+01 -1.005166E-01 8.519344E-01
8.785400E+01 -6.295529E-02 8.290241E-01
8.855199E+01 -3.256183E-02 8.139950E-01
8.924999E+01 3.329971E-03 8.014579E-01
8.994799E+01 4.087995E-02 7.779721E-01
9.064600E+01 6.411403E-02 7.447591E-01
9.134400E+01 6.843833E-02 7.194995E-01
9.204200E+01 6.903744E-02 7.138938E-01
9.274000E+01 8.171828E-02 7.191130E-01
9.343800E+01 1.037119E-01 7.198488E-01
9.413600E+01 1.217718E-01 7.162269E-01
9.483400E+01 1.351544E-01 7.217079E-01
9.553200E+01 1.594726E-01 7.402444E-01
9.623000E+01 2.052319E-01 7.563168E-01
9.692799E+01 2.617774E-01 7.533030E-01
9.762599E+01 3.105754E-01 7.349134E-01
9.832400E+01 3.506289E-01 7.188559E-01
9.902200E+01 4.007851E-01 7.093570E-01
9.972000E+01 4.731438E-01 6.844894E-01
1.004180E+02 5.491511E-01 6.169236E-01
1.011160E+02 5.877503E-01 5.066283E-01
1.018140E+02 5.590347E-01 3.908407E-01
1.025120E+02 4.716756E-01 3.214112E-01
1.032100E+02 3.714841E-01 3.295775E-01
1.039080E+02 3.140840E-01 4.047927E-01
1.046060E+02 3.313097E-01 5.007372E-01
1.053040E+02 4.128643E-01 5.643054E-01
1.060020E+02 5.163074E-01 5.690814E-01
1.067000E+02 5.999982E-01 5.285121E-01
1.073980E+02 6.527578E-01 4.766325E-01
1.080960E+02 6.930964E-01 4.336861E-01
1.087940E+02 7.401170E-01 3.914217E-01
1.094920E+02 7.897391E-01 3.321437E-01
1.101900E+02 8.233082E-01 2.559062E-01
1.108880E+02 8.347670E-01 1.810149E-01
1.115860E+02 8.389622E-01 1.188630E-01
1.122840E+02 8.501073E-01 5.883123E-02
1.129820E+02 8.611055E-01 -1.539560E-02
1.136800E+02 8.532904E-01 -1.013079E-01
1.143780E+02 8.227099E-01 -1.800397E-01
1.150760E+02 7.848221E-01 -2.423857E-01
1.157740E+02 7.502982E-01 -3.001180E-01
1.164720E+02 7.074474E-01 -3.647199E-01
1.171700E+02 6.391009E-01 -4.235232E-01
1.178680E+02 5.524062E-01 -4.496287E-01
1.185660E+02 4.791265E-01 -4.353870E-01
1.192640E+02 4.432786E-01 -4.048810E-01
1.199620E+02 4.379022E-01 -3.884880E-01
1.206600E+02 4.397807E-01 -3.938583E-01
1.213580E+02 4.384269E-01 -4.102012E-01
1.220560E+02 4.386917E-01 -4.338816E-01
1.227540E+02 4.381790E-01 -4.743652E-01
1.234520E+02 4.187854E-01 -5.322912E-01
1.241500E+02 3.692027E-01 -5.865054E-01
1.248480E+02 3.050146E-01 -6.156566E-01
1.255460E+02 2.514446E-01 -6.264757E-01
1.262440E+02 2.078714E-01 -6.445884E-01
1.269420E+02 1.456975E-01 -6.741374E-01
1.276400E+02 5.005923E-02 -6.813270E-01
1.283380E+02 -4.704356E-02 -6.316754E-01
1.290360E+02 -9.110478E-02 -5.392868E-01
1.297340E+02 -6.442216E-02 -4.643588E-01
1.304320E+02 -1.039049E-02 -4.558446E-01
1.311300E+02 7.594701E-03 -5.036072E-01
1.318280E+02 -3.409649E-02 -5.529621E-01
1.325260E+02 -1.058925E-01 -5.607389E-01
1.332240E+02 -1.644799E-01 -5.288959E-01
1.339220E+02 -1.938027E-01 -4.868222E-01
1.346200E+02 -2.060048E-01 -4.545936E-01
1.353180E+02 -2.149396E-01 -4.313331E-01
1.360160E+02 -2.215700E-01 -4.117939E-01
1.367140E+02 -2.247126E-01 -4.001151E-01
1.374120E+02 -2.347951E-01 -4.012582E-01
1.381100E+02 -2.674875E-01 -4.040415E-01
1.388080E+02 -3.220587E-01 -3.810234E-01
1.395060E+02 -3.690542E-01 -3.110258E-01
1.402040E+02 -3.643183E-01 -2.055538E-01
1.409020E+02 -2.830488E-01 -1.138709E-01
1.416000E+02 -1.483560E-01 -9.588750E-02
1.422980E+02 -2.721302E-02 -1.776493E-01
1.429960E+02 1.169520E-02 -3.244577E-01
1.436940E+02 -5.097718E-02 -4.603243E-01
1.443920E+02 -1.708611E-01 -5.240715E-01
1.450900E+02 -2.795050E-01 -5.134165E-01
1.457880E+02 -3.419556E-01 -4.748090E-01
1.464860E+02 -3.757657E-01 -4.511470E-01
1.471840E+02 -4.165334E-01 -4.438824E-01
1.478820E+02 -4.739698E-01 -4.265000E-01
1.485800E+02 -5.280365E-01 -3.849401E-01
1.492780E+02 -5.612755E-01 -3.328777E-01
1.499760E+02 -5.803826E-01 -2.884462E-01
1.506740E+02 -6.012689E-01 -2.498485E-01
1.513720E+02 -6.239806E-01 -2.031104E-01
1.520700E+02 -6.343508E-01 -1.466126E-01
1.527680E+02 -6.272453E-01 -9.471925E-02
1.534660E+02 -6.149346E-01 -5.636824E-02
1.541640E+02 -6.080679E-01 -2.224514E-02
1.548620E+02 -5.985398E-01 1.934225E-02
1.555600E+02 -5.709013E-01 6.124688E-02
1.562580E+02 -5.266184E-01 8.257989E-02
1.569560E+02 -4.868638E-01 7.337157E-02
1.576540E+02 -4.713395E-01 4.485620E-02
1.583520E+02 -4.838397E-01 1.488414E-02
1.590500E+02 -5.205421E-01 -5.746528E-03
1.597480E+02 -5.798572E-01 -7.114245E-03
1.604460E+02 -6.531436E-01 2.758203E-02
1.611440E+02 -7.132434E-01 1.077909E-01
1.618420E+02 -7.298414E-01 2.147243E-01
1.625400E+02 -7.009102E-01 3.104042E-01
1.632380E+02 -6.564209E-01 3.752044E-01
1.639360E+02 -6.219957E-01 4.262508E-01
1.646340E+02 -5.883049E-01 4.884703E-01
1.653320E+02 -5.295034E-01 5.561560E-01
1.660300E+02 -4.456993E-01 6.002085E-01
1.667280E+02 -3.667906E-01 6.120799E-01
1.674260E+02 -3.090558E-01 6.188656E-01
1.681240E+02 -2.483775E-01 6.427191E-01
1.688220E+02 -1.550321E-01 6.623634E-01
1.695200E+02 -4.299922E-02 6.387576E-01
1.702180E+02 4.362043E-02 5.734138E-01
1.709160E+02 9.606145E-02 5.093558E-01
1.716140E+02 1.596730E-01 4.598506E-01
1.723120E+02 2.593317E-01 3.655599E-01
1.730100E+02 3.236700E-01 1.640753E-01
1.737080E+02 2.311621E-01 -9.591664E-02
1.744060E+02 -4.533606E-02 -2.514699E-01
1.751040E+02 -3.651124E-01 -1.724561E-01
1.758020E+02 -5.273134E-01 9.435861E-02
1.765000E+02 -4.572171E-01 3.559195E-01
1.771980E+02 -2.659725E-01 4.528618E-01
1.778960E+02 -1.235535E-01 3.899719E-01
1.785940E+02 -9.977434E-02 2.852154E-01
1.792920E+02 -1.468592E-01 2.247295E-01
1.799900E+02 -2.073132E-01 2.046634E-01
1.806880E+02 -2.851779E-01 2.028940E-01
1.813860E+02 -3.963572E-01 2.510323E-01
1.820840E+02 -4.919563E-01 3.963892E-01
1.827820E+02 -4.814466E-01 6.121893E-01
1.834800E+02 -3.349040E-01 7.925407E-01
1.841780E+02 -1.269828E-01 8.524835E-01
1.848760E+02 3.976561E-02 8.083432E-01
1.855740E+02 1.352215E-01 7.393267E-01
1.862720E+02 2.026862E-01 6.879758E-01
1.869700E+02 2.743198E-01 6.298209E-01
1.876680E+02 3.233943E-01 5.391151E-01
1.883660E+02 3.132121E-01 4.472592E-01
1.890640E+02 2.647330E-01 4.099451E-01
1.897620E+02 2.431906E-01 4.317771E-01
1.904600E+02 2.807792E-01 4.554387E-01
1.911580E+02 3.405559E-01 4.310328E-01
1.918560E+02 3.678296E-01 3.724464E-01
1.925540E+02 3.573340E-01 3.297901E-01
1.932520E+02 3.498466E-01 3.217462E-01
1.939500E+02 3.722400E-01 3.187026E-01
1.946480E+02 4.063805E-01 2.901902E-01
1.953460E+02 4.224069E-01 2.440122E-01
1.960440E+02 4.207425E-01 2.063807E-01
1.967420E+02 4.234765E-01 1.804733E-01
1.974400E+02 4.351380E-01 1.462308E-01
1.981380E+02 4.353948E-01 9.708746E-02
1.988360E+02 4.134569E-01 5.380337E-02
1.995340E+02 3.888427E-01 3.265351E-02
2.002320E+02 3.834178E-01 1.697064E-02
2.009300E+02 3.848942E-01 -2.105325E-02
2.016280E+02 3.594389E-01 -7.651701E-02
2.023260E+02 3.008064E-01 -1.121329E-01
2.030240E+02 2.449169E-01 -1.093689E-01
2.037220E+02 2.208964E-01 -9.992829E-02
2.044200E+02 2.010872E-01 -1.245136E-01
2.051180E+02 1.264455E-01 -1.639426E-01
2.058160E+02 -9.521795E-03 -1.374242E-01
2.065140E+02 -1.203699E-01 1.060972E-02
2.072120E+02 -9.467041E-02 2.268939E-01
2.079100E+02 8.762354E-02 3.726126E-01
2.086080E+02 3.160322E-01 3.447408E-01
2.093060E+02 4.387233E-01 1.753606E-01
2.100040E+02 3.962608E-01 5.455227E-03
2.107020E+02 2.682495E-01 -4.286884E-02
2.114000E+02 1.898942E-01 2.986333E-02
2.120980E+02 2.248850E-01 1.182616E-01
2.127960E+02 3.188461E-01 1.253597E-01
2.134940E+02 3.712067E-01 5.420143E-02
2.141920E+02 3.446964E-01 -1.041116E-02
2.148900E+02 2.990502E-01 -3.378986E-03
2.155880E+02 3.178622E-01 4.591034E-02
2.162860E+02 4.091764E-01 4.452886E-02
2.169840E+02 4.871443E-01 -6.053247E-02
2.176820E+02 4.561487E-01 -2.167027E-01
2.183800E+02 3.099255E-01 -3.087548E-01
2.190780E+02 1.424920E-01 -2.661541E-01
2.197760E+02 6.219365E-02 -1.241622E-01
2.204740E+02 1.010444E-01 1.842394E-02
2.211720E+02 2.081892E-01 9.048611E-02
2.218700E+02 3.178998E-01 9.092764E-02
2.225680E+02 4.059434E-01 5.237583E-02
2.232660E+02 4.784080E-01 -1.179515E-02
2.239640E+02 5.274452E-01 -1.092352E-01
2.246620E+02 5.235420E-01 -2.288056E-01
2.253600E+02 4.556794E-01 -3.248181E-01
2.260580E+02 3.613719E-01 -3.552698E-01
2.267560E+02 2.998009E-01 -3.282842E-01
2.274540E+02 2.955757E-01 -2.967143E-01
2.281520E+02 3.191519E-01 -3.051391E-01
2.288500E+02 3.239891E-01 -3.510386E-01
2.295480E+02 2.927346E-01 -4.001008E-01
2.302460E+02 2.413854E-01 -4.278885E-01
2.309440E+02 1.887934E-01 -4.354643E-01
2.316420E+02 1.380868E-01 -4.300585E-01
2.323400E+02 8.929564E-02 -4.082180E-01
2.330380E+02 5.474734E-02 -3.664986E-01
2.337360E+02 4.860781E-02 -3.185671E-01
2.344340E+02 6.531744E-02 -2.869286E-01
2.351320E+02 8.206703E-02 -2.768503E-01
2.358300E+02 8.680760E-02 -2.702127E-01
2.365280E+02 9.390922E-02 -2.518059E-01
2.372260E+02 1.230167E-01 -2.337999E-01
2.379240E+02 1.674127E-01 -2.428333E-01
2.386220E+02 1.958367E-01 -2.838793E-01
2.393200E+02 1.888934E-01 -3.289174E-01
2.400180E+02 1.635435E-01 -3.481213E-01
2.407160E+02 1.523597E-01 -3.446800E-01
2.414140E+02 1.633978E-01 -3.475871E-01
2.421120E+02 1.736375E-01 -3.715060E-01
2.428100E+02 1.653367E-01 -3.980334E-01
2.435080E+02 1.555324E-01 -4.061772E-01
2.442060E+02 1.736347E-01 -4.125884E-01
2.449040E+02 2.102172E-01 -4.619836E-01
2.456020E+02 2.059117E-01 -5.678737E-01
2.463000E+02 1.089411E-01 -6.730465E-01
2.469980E+02 -5.552040E-02 -6.885667E-01
2.476960E+02 -1.876905E-01 -5.823687E-01
2.483940E+02 -1.983916E-01 -4.235708E-01
2.490920E+02 -9.399338E-02 -3.275670E-01
2.497900E+02 2.900728E-02 -3.526793E-01
2.504880E+02 7.593832E-02 -4.539346E-01
2.511860E+02 3.637620E-02 -5.390427E-01
2.518840E+02 -2.575539E-02 -5.620300E-01
2.525820E+02 -5.375046E-02 -5.541536E-01
2.532800E+02 -5.536705E-02 -5.682709E-01
2.539780E+02 -7.663589E-02 -6.108980E-01
2.546760E+02 -1.348778E-01 -6.420953E-01
2.553740E+02 -1.975457E-01 -6.346620E-01
2.560720E+02 -2.298711E-01 -6.115562E-01
2.567700E+02 -2.448252E-01 -6.125031E-01
2.574680E+02 -2.868265E-01 -6.348671E-01
2.581660E+02 -3.678783E-01 -6.295390E-01
2.588640E+02 -4.400502E-01 -5.626939E-01
2.595620E+02 -4.454703E-01 -4.670562E-01
2.602600E+02 -3.863314E-01 -4.145666E-01
2.609580E+02 -3.283532E-01 -4.389245E-01
2.616560E+02 -3.310901E-01 -5.001779E-01
2.623540E+02 -3.879471E-01 -5.326992E-01
2.630520E+02 -4.448717E-01 -5.163627E-01
2.637500E+02 -4.685309E-01 -4.864227E-01
2.644480E+02 -4.778140E-01 -4.785725E-01
2.651460E+02 -5.065239E-01 -4.849059E-01
2.658440E+02 -5.546303E-01 -4.738038E-01
2.665420E+02 -5.931183E-01 -4.382221E-01
2.672400E+02 -6.088971E-01 -4.032058E-01
2.679380E+02 -6.224154E-01 -3.859748E-01
2.686360E+02 -6.537996E-01 -3.699207E-01
2.693340E+02 -6.896532E-01 -3.316087E-01
2.700320E+02 -7.022257E-01 -2.804207E-01
2.707300E+02 -6.949511E-01 -2.488207E-01
2.714280E+02 -7.047722E-01 -2.419903E-01
2.721260E+02 -7.494918E-01 -2.199469E-01
2.728240E+02 -7.910647E-01 -1.472736E-01
2.735220E+02 -7.742512E-01 -4.988111E-02
2.742200E+02 -7.001686E-01 2.675457E-03
2.749180E+02 -6.383648E-01 -2.151874E-02
2.756160E+02 -6.518593E-01 -7.109036E-02
2.763140E+02 -7.219156E-01 -6.427770E-02
2.770120E+02 -7.662526E-01 1.836503E-02
2.777100E+02 -7.317179E-01 1.123165E-01
2.784080E+02 -6.515419E-01 1.435929E-01
2.791060E+02 -6.025838E-01 1.089699E-01
2.798040E+02 -6.194452E-01 7.033367E-02
2.805020E+02 -6.668411E-01 7.996447E-02
2.812000E+02 -6.914167E-01 1.306452E-01
2.818980E+02 -6.799233E-01 1.804890E-01
2.825960E+02 -6.581538E-01 2.069669E-01
2.832940E+02 -6.487860E-01 2.218277E-01
2.839920E+02 -6.493641E-01 2.429836E-01
2.846900E+02 -6.485359E-01 2.725245E-01
2.853880E+02 -6.440877E-01 3.056447E-01
2.860860E+02 -6.363760E-01 3.440146E-01
2.867840E+02 -6.177005E-01 3.878452E-01
2.874820E+02 -5.833635E-01 4.245315E-01
2.881800E+02 -5.475408E-01 4.422633E-01
2.888780E+02 -5.298462E-01 4.536652E-01
2.895760E+02 -5.221161E-01 4.871412E-01
2.902740E+02 -4.860650E-01 5.446719E-01
2.909720E+02 -4.000099E-01 5.818081E-01
2.916700E+02 -3.011078E-01 5.496674E-01
2.923680E+02 -2.608010E-01 4.580346E-01
2.930660E+02 -3.106129E-01 3.800039E-01
2.937640E+02 -4.037358E-01 3.833336E-01
2.944620E+02 -4.606515E-01 4.646978E-01
2.951600E+02 -4.464281E-01 5.617689E-01
2.958580E+02 -3.913509E-01 6.238151E-01
2.965560E+02 -3.399488E-01 6.547419E-01
2.972540E+02 -2.989025E-01 6.855530E-01
2.979520E+02 -2.444406E-01 7.234635E-01
2.986500E+02 -1.669963E-01 7.446607E-01
2.993480E+02 -8.881041E-02 7.309498E-01
3.000460E+02 -3.660924E-02 6.947268E-01
3.007440E+02 -1.276185E-02 6.623632E-01
3.014420E+02 -1.365888E-03 6.461493E-01
3.021400E+02 8.539955E-03 6.429231E-01
3.028380E+02 1.904455E-02 6.514077E-01
3.035360E+02 3.741614E-02 6.749663E-01
3.042340E+02 7.742152E-02 7.067719E-01
3.049320E+02 1.413745E-01 7.270446E-01
3.056300E+02 2.124247E-01 7.232304E-01
3.063280E+02 2.739050E-01 7.041528E-01
3.070260E+02 3.289696E-01 6.844083E-01
3.077240E+02 3.899018E-01 6.612068E-01
3.084220E+02 4.527969E-01 6.203906E-01
3.091200E+02 4.991145E-01 5.636655E-01
3.098180E+02 5.251065E-01 5.121416E-01
3.105160E+02 5.518885E-01 4.748537E-01
3.112140E+02 5.927351E-01 4.302123E-01
3.119120E+02 6.237533E-01 3.582158E-01
3.126100E+02 6.122704E-01 2.832010E-01
3.133080E+02 5.751033E-01 2.551785E-01
3.140060E+02 5.785205E-01 2.767572E-01
3.147040E+02 6.564667E-01 2.740947E-01
3.154020E+02 7.442383E-01 1.740125E-01
3.161000E+02 7.312399E-01 8.522113E-03
3.167980E+02 5.928832E-01 -9.237518E-02
3.174960E+02 4.437340E-01 -3.628940E-02
3.181940E+02 4.298686E-01 1.178178E-01
3.188920E+02 5.728129E-01 2.099021E-01
3.195900E+02 7.468816E-01 1.442950E-01
3.202880E+02 8.175162E-01 -1.967586E-02
3.209860E+02 7.766752E-01 -1.519514E-01
3.216840E+02 7.219661E-01 -2.004688E-01
3.223820E+02 7.223961E-01 -2.261741E-01
3.230800E+02 7.444316E-01 -3.000301E-01
3.237780E+02 7.183402E-01 -4.080916E-01
3.244760E+02 6.402527E-01 -4.828742E-01
3.251740E+02 5.717171E-01 -5.036513E-01
3.258720E+02 5.470216E-01 -5.231784E-01
3.265700E+02 5.219774E-01 -5.877035E-01
3.272680E+02 4.352381E-01 -6.639429E-01
3.279660E+02 2.983826E-01 -6.742848E-01
3.286640E+02 1.939116E-01 -5.946994E-01
3.293620E+02 1.836850E-01 -4.889062E-01
3.300600E+02 2.437138E-01 -4.388821E-01
3.307580E+02 3.001397E-01 -4.623417E-01
3.314560E+02 3.113582E-01 -5.132020E-01
3.321540E+02 2.953095E-01 -5.484768E-01
3.328520E+02 2.846722E-01 -5.704790E-01
3.335500E+02 2.815764E-01 -6.030021E-01
3.342480E+02 2.657957E-01 -6.499395E-01
3.349460E+02 2.298283E-01 -6.935053E-01
3.356440E+02 1.867699E-01 -7.229785E-01
3.363420E+02 1.472951E-01 -7.463943E-01
3.370400E+02 1.056282E-01 -7.726464E-01
3.377380E+02 5.286042E-02 -7.962303E-01
3.384360E+02 -7.459441E-03 -8.062831E-01
3.391340E+02 -6.434144E-02 -8.016043E-01
3.398320E+02 -1.124763E-01 -7.888443E-01
3.405300E+02 -1.518845E-01 -7.724982E-01
3.412280E+02 -1.808039E-01 -7.565217E-01
3.419260E+02 -2.010707E-01 -7.509325E-01
3.426240E+02 -2.284639E-01 -7.621638E-01
3.433220E+02 -2.815260E-01 -7.746568E-01
3.440200E+02 -3.528255E-01 -7.577662E-01
3.447180E+02 -4.046218E-01 -7.032153E-01
3.454160E+02 -4.090989E-01 -6.463562E-01
3.461140E+02 -3.885001E-01 -6.320409E-01
3.468120E+02 -3.964833E-01 -6.586881E-01
3.475100E+02 -4.540198E-01 -6.743777E-01
3.482080E+02 -5.202729E-01 -6.387510E-01
3.489060E+02 -5.417155E-01 -5.750313E-01
3.496040E+02 -5.203223E-01 -5.421187E-01
3.503020E+02 -5.116313E-01 -5.598379E-01
3.510000E+02 -5.538847E-01 -5.846694E-01
3.516980E+02 -6.217334E-01 -5.674899E-01
3.523960E+02 -6.647561E-01 -5.146442E-01
3.530940E+02 -6.750699E-01 -4.706348E-01
3.537920E+02 -6.897896E-01 -4.508615E-01
3.544900E+02 -7.283443E-01 -4.224992E-01
3.551880E+02 -7.593172E-01 -3.607194E-01
3.558860E+02 -7.492517E-01 -2.949242E-01
3.565840E+02 -7.225922E-01 -2.692035E-01
3.572820E+02 -7.356957E-01 -2.675715E-01
3.579800E+02 -7.876902E-01 -2.189179E-01
3.586780E+02 -7.944110E-01 -9.530185E-02
3.593760E+02 -6.830209E-01 2.181132E-02
3.600740E+02 -5.004429E-01 1.198792E-02
3.607720E+02 -3.899982E-01 -1.446700E-01
3.614700E+02 -4.461724E-01 -3.285910E-01
3.621680E+02 -6.151013E-01 -3.992865E-01
3.628660E+02 -7.598117E-01 -3.349268E-01
3.635640E+02 -8.087063E-01 -2.302752E-01
3.642620E+02 -8.079445E-01 -1.676963E-01
3.649600E+02 -8.274681E-01 -1.295835E-01
3.656580E+02 -8.565482E-01 -5.517105E-02
3.663560E+02 -8.272880E-01 4.877760E-02
3.670540E+02 -7.267196E-01 9.990750E-02
3.677520E+02 -6.388474E-01 4.790204E-02
3.684500E+02 -6.532640E-01 -4.754801E-02
3.691480E+02 -7.565110E-01 -7.618191E-02
3.698460E+02 -8.470015E-01 -1.333262E-03
3.705440E+02 -8.537061E-01 1.077667E-01
3.712420E+02 -8.070615E-01 1.704108E-01
3.719400E+02 -7.789655E-01 1.883120E-01
3.726380E+02 -7.813520E-01 2.208622E-01
3.733360E+02 -7.600877E-01 2.864121E-01
3.740340E+02 -6.857164E-01 3.297610E-01
3.747320E+02 -6.105387E-01 3.007525E-01
3.754300E+02 -6.089218E-01 2.348781E-01
3.761280E+02 -6.776105E-01 2.220750E-01
3.768260E+02 -7.296723E-01 2.988823E-01
3.775240E+02 -6.940771E-01 4.022453E-01
3.782220E+02 -5.956476E-01 4.437832E-01
3.789200E+02 -5.176048E-01 4.087934E-01
3.796180E+02 -5.014756E-01 3.576647E-01
3.803160E+02 -5.137469E-01 3.392323E-01
3.810140E+02 -5.119894E-01 3.367523E-01
3.817120E+02 -5.101426E-01 3.133609E-01
3.824100E+02 -5.514266E-01 2.841634E-01
3.831080E+02 -6.304713E-01 3.077163E-01
3.838060E+02 -6.792943E-01 4.047050E-01
3.845040E+02 -6.447850E-01 5.167769E-01
3.852020E+02 -5.572507E-01 5.685195E-01
3.859000E+02 -4.956958E-01 5.565642E-01
3.865980E+02 -4.905562E-01 5.493067E-01
3.872960E+02 -4.889324E-01 5.955436E-01
3.879940E+02 -4.275847E-01 6.595273E-01
3.886920E+02 -3.195099E-01 6.660638E-01
3.893900E+02 -2.431736E-01 5.973806E-01
3.900880E+02 -2.491466E-01 5.189043E-01
3.907860E+02 -3.016937E-01 5.042792E-01
3.914840E+02 -3.230588E-01 5.554060E-01
3.921820E+02 -2.784951E-01 6.106929E-01
3.928800E+02 -1.997212E-01 6.182841E-01
3.935780E+02 -1.345583E-01 5.786160E-01
3.942760E+02 -1.007043E-01 5.179477E-01
3.949740E+02 -9.656368E-02 4.493951E-01
3.956720E+02 -1.317030E-01 3.797793E-01
3.963700E+02 -2.170747E-01 3.392863E-01
3.970680E+02 -3.262925E-01 3.718410E-01
3.977660E+02 -3.937596E-01 4.841429E-01
3.984640E+02 -3.699262E-01 6.208747E-01
3.991620E+02 -2.715429E-01 7.085916E-01
3.998600E+02 -1.632921E-01 7.220479E-01
4.005580E+02 -9.177005E-02 6.958954E-01
4.012560E+02 -5.012148E-02 6.734735E-01
4.019540E+02 -7.897686E-03 6.596306E-01
4.026520E+02 4.045299E-02 6.301861E-01
4.033500E+02 6.832124E-02 5.755237E-01
4.040480E+02 5.145535E-02 5.215864E-01
4.047460E+02 -5.980911E-04 5.099195E-01
4.054440E+02 -4.372158E-02 5.634564E-01
4.061420E+02 -2.212887E-02 6.635945E-01
4.068400E+02 9.627982E-02 7.457346E-01
4.075380E+02 2.801480E-01 7.247673E-01
4.082360E+02 4.230832E-01 5.603363E-01
4.089340E+02 4.048065E-01 3.229598E-01
4.096320E+02 2.059043E-01 1.764243E-01
4.103300E+02 -3.560352E-02 2.474644E-01
4.110280E+02 -1.208950E-01 4.908569E-01
4.117260E+02 2.480859E-02 7.080262E-01
4.124240E+02 2.737086E-01 7.312132E-01
4.131220E+02 4.272370E-01 5.850483E-01
4.138200E+02 4.216199E-01 4.395825E-01
4.145180E+02 3.706332E-01 4.064527E-01
4.152160E+02 3.989276E-01 4.234933E-01
4.159140E+02 4.796839E-01 3.658885E-01
4.166120E+02 4.853543E-01 2.325024E-01
4.173100E+02 3.811273E-01 1.553150E-01
4.180080E+02 2.949155E-01 2.128083E-01
4.187060E+02 3.540821E-01 2.986725E-01
4.194040E+02 4.963360E-01 2.400624E-01
4.201020E+02 5.184036E-01 3.094246E-02
4.208000E+02 3.264240E-01 -1.261459E-01
4.214980E+02 7.638626E-02 -4.830133E-02
4.221960E+02 1.168532E-02 2.005816E-01
4.228940E+02 1.831291E-01 3.707765E-01
4.235920E+02 3.926917E-01 3.103196E-01
4.242900E+02 4.293838E-01 1.282880E-01
4.249880E+02 3.067923E-01 4.585576E-02
4.256860E+02 2.194408E-01 1.292203E-01
4.263840E+02 2.905802E-01 2.311220E-01
4.270820E+02 4.311321E-01 1.926991E-01
4.277800E+02 4.683795E-01 3.805366E-02
4.284780E+02 3.610831E-01 -7.188810E-02
4.291760E+02 2.321718E-01 -4.291994E-02
4.298740E+02 2.030772E-01 5.635378E-02
4.305720E+02 2.574922E-01 1.063055E-01
4.312700E+02 2.953962E-01 8.806232E-02
4.319680E+02 2.804287E-01 8.160994E-02
4.326660E+02 2.805861E-01 1.357122E-01
4.333640E+02 3.634795E-01 1.935921E-01
4.340620E+02 4.965389E-01 1.651917E-01
4.347600E+02 5.792087E-01 4.194612E-02
4.354580E+02 5.569674E-01 -9.046233E-02
4.361560E+02 4.761492E-01 -1.457502E-01
4.368540E+02 4.282004E-01 -1.201553E-01
4.375520E+02 4.608206E-01 -8.296893E-02
4.382500E+02 5.463772E-01 -1.062259E-01
4.389480E+02 6.161987E-01 -2.101109E-01
4.396460E+02 6.135703E-01 -3.568945E-01
4.403440E+02 5.298471E-01 -4.801196E-01
4.410420E+02 4.110377E-01 -5.301124E-01
4.417400E+02 3.257855E-01 -5.143476E-01
4.424380E+02 3.052200E-01 -4.960711E-01
4.431360E+02 3.071834E-01 -5.344093E-01
4.438340E+02 2.561790E-01 -6.160802E-01
4.445320E+02 1.309640E-01 -6.608605E-01
4.452300E+02 2.726398E-04 -6.101507E-01
4.459280E+02 -4.700593E-02 -5.013660E-01
4.466260E+02 -3.032950E-03 -4.337784E-01
4.473240E+02 4.812678E-02 -4.595909E-01
4.480220E+02 2.550480E-02 -5.295835E-01
4.487200E+02 -6.315560E-02 -5.565828E-01
4.494180E+02 -1.451351E-01 -5.134908E-01
4.501160E+02 -1.745637E-01 -4.464867E-01
4.508140E+02 -1.716765E-01 -4.017126E-01
4.515120E+02 -1.714490E-01 -3.727622E-01
4.522100E+02 -1.669483E-01 -3.334149E-01
4.529080E+02 -1.281725E-01 -2.952850E-01
4.536060E+02 -6.119262E-02 -3.011701E-01
4.543040E+02 -1.573562E-02 -3.649840E-01
4.550020E+02 -2.872260E-02 -4.475985E-01
4.557000E+02 -8.510830E-02 -5.027448E-01
4.563980E+02 -1.484736E-01 -5.246755E-01
4.570960E+02 -2.094350E-01 -5.319231E-01
4.577940E+02 -2.780949E-01 -5.218811E-01
4.584920E+02 -3.390250E-01 -4.749139E-01
4.591900E+02 -3.514906E-01 -4.050374E-01
4.598880E+02 -3.095509E-01 -3.708065E-01
4.605860E+02 -2.740363E-01 -4.092507E-01
4.612840E+02 -3.116352E-01 -4.760473E-01
4.619820E+02 -4.081931E-01 -4.864587E-01
4.626800E+02 -4.766507E-01 -4.195187E-01
4.633780E+02 -4.635080E-01 -3.501184E-01
4.640760E+02 -4.202330E-01 -3.572010E-01
4.647740E+02 -4.412930E-01 -4.209989E-01
4.654720E+02 -5.434813E-01 -4.445284E-01
4.661700E+02 -6.425418E-01 -3.754748E-01
4.668680E+02 -6.591359E-01 -2.718609E-01
4.675660E+02 -6.178082E-01 -2.267832E-01
4.682640E+02 -6.124668E-01 -2.499617E-01
4.689620E+02 -6.851107E-01 -2.573321E-01
4.696600E+02 -7.726902E-01 -1.779189E-01
4.703580E+02 -7.839703E-01 -4.064875E-02
4.710560E+02 -7.045942E-01 6.145618E-02
4.717540E+02 -6.052104E-01 7.497871E-02
4.724520E+02 -5.581464E-01 3.094925E-02
4.731500E+02 -5.717354E-01 -5.805947E-03
4.738480E+02 -6.065954E-01 -4.063333E-03
4.745460E+02 -6.293814E-01 2.417941E-02
4.752440E+02 -6.343566E-01 5.679562E-02
4.759420E+02 -6.291791E-01 8.169656E-02
4.766400E+02 -6.247725E-01 9.372667E-02
4.773380E+02 -6.372588E-01 9.722853E-02
4.780360E+02 -6.756411E-01 1.159666E-01
4.787340E+02 -7.176682E-01 1.785108E-01
4.794320E+02 -7.165025E-01 2.787094E-01
4.801300E+02 -6.504122E-01 3.644022E-01
4.808280E+02 -5.578033E-01 3.865245E-01
4.815260E+02 -5.013478E-01 3.565435E-01
4.822240E+02 -4.962325E-01 3.336940E-01
4.829220E+02 -4.957948E-01 3.501452E-01
4.836200E+02 -4.590243E-01 3.711116E-01
4.843180E+02 -4.114530E-01 3.473791E-01
4.850160E+02 -4.130081E-01 2.918535E-01
4.857140E+02 -4.719062E-01 2.723370E-01
4.864120E+02 -5.233940E-01 3.237867E-01
4.871100E+02 -5.090796E-01 3.978195E-01
4.878080E+02 -4.530297E-01 4.231042E-01
4.885060E+02 -4.287005E-01 3.992843E-01
4.892040E+02 -4.571545E-01 3.957838E-01
4.899020E+02 -4.752837E-01 4.524372E-01
4.906000E+02 -4.228325E-01 5.158755E-01
4.912980E+02 -3.345413E-01 5.039064E-01
4.919960E+02 -3.092531E-01 4.190931E-01
4.926940E+02 -3.876522E-01 3.606193E-01
4.933920E+02 -4.942151E-01 4.115858E-01
4.940900E+02 -5.203787E-01 5.409220E-01
4.947880E+02 -4.465060E-01 6.416426E-01
4.954860E+02 -3.538060E-01 6.544284E-01
4.961840E+02 -3.205974E-01 6.233044E-01
4.968820E+02 -3.382396E-01 6.260179E-01
4.975800E+02 -3.424312E-01 6.802025E-01
4.982780E+02 -3.008997E-01 7.412682E-01
4.989760E+02 -2.385143E-01 7.746134E-01
4.996740E+02 -1.823621E-01 7.927080E-01
5.003720E+02 -1.200249E-01 8.137415E-01
5.010700E+02 -3.248533E-02 8.166084E-01
5.017680E+02 5.429520E-02 7.674082E-01
5.024660E+02 8.573788E-02 6.811464E-01
5.031640E+02 4.958442E-02 6.234779E-01
5.038620E+02 2.924495E-03 6.382235E-01
5.045600E+02 1.059331E-02 6.936347E-01
5.052580E+02 7.103880E-02 7.212614E-01
5.059560E+02 1.258686E-01 6.986858E-01
5.066540E+02 1.386040E-01 6.689532E-01
5.073520E+02 1.375042E-01 6.753598E-01
5.080500E+02 1.691666E-01 7.027990E-01
5.087480E+02 2.311794E-01 7.035416E-01
5.094460E+02 2.772107E-01 6.673622E-01
5.101440E+02 2.848971E-01 6.365628E-01
5.108420E+02 2.899758E-01 6.452352E-01
5.115400E+02 3.380179E-01 6.680101E-01
5.122380E+02 4.199025E-01 6.503283E-01
5.129360E+02 4.796366E-01 5.798789E-01
5.136340E+02 4.840789E-01 5.027613E-01
5.143320E+02 4.605326E-01 4.644252E-01
5.150300E+02 4.547378E-01 4.571074E-01
5.157280E+02 4.713758E-01 4.426775E-01
5.164260E+02 4.796652E-01 4.126533E-01
5.171240E+02 4.710098E-01 3.965321E-01
5.178220E+02 4.796517E-01 4.064441E-01
5.185200E+02 5.296860E-01 4.023828E-01
5.192180E+02 5.820255E-01 3.392027E-01
5.199160E+02 5.664951E-01 2.403948E-01
5.206140E+02 4.724835E-01 1.936069E-01
5.213120E+02 3.831450E-01 2.560391E-01
5.220100E+02 3.973010E-01 3.788235E-01
5.227080E+02 5.224240E-01 4.473514E-01
5.234059E+02 6.639911E-01 3.978434E-01
5.241040E+02 7.249562E-01 2.779669E-01
5.248020E+02 7.010379E-01 1.861653E-01
5.255000E+02 6.685042E-01 1.653306E-01
5.261980E+02 6.902815E-01 1.703896E-01
5.268960E+02 7.526459E-01 1.330371E-01
5.275940E+02 7.936218E-01 3.780975E-02
5.282920E+02 7.741209E-01 -7.200783E-02
5.289900E+02 7.088599E-01 -1.471099E-01
5.296880E+02 6.384905E-01 -1.743143E-01
5.303860E+02 5.903520E-01 -1.719403E-01
5.310840E+02 5.681801E-01 -1.631552E-01
5.317820E+02 5.635669E-01 -1.617793E-01
5.324800E+02 5.653026E-01 -1.723746E-01
5.331780E+02 5.638621E-01 -1.909232E-01
5.338760E+02 5.589148E-01 -2.078870E-01
5.345740E+02 5.614301E-01 -2.214054E-01
5.352720E+02 5.775368E-01 -2.469616E-01
5.359700E+02 5.892649E-01 -3.015205E-01
5.366680E+02 5.652982E-01 -3.733898E-01
5.373660E+02 5.007456E-01 -4.214280E-01
5.380640E+02 4.357353E-01 -4.192782E-01
5.387620E+02 4.154600E-01 -3.951429E-01
5.394600E+02 4.304778E-01 -4.066641E-01
5.401580E+02 4.171068E-01 -4.675667E-01
5.408560E+02 3.333647E-01 -5.161842E-01
5.415540E+02 2.244729E-01 -4.790222E-01
5.422520E+02 1.884179E-01 -3.648192E-01
5.429500E+02 2.680871E-01 -2.732977E-01
5.436479E+02 3.939703E-01 -2.959063E-01
5.443460E+02 4.509121E-01 -4.177939E-01
5.450440E+02 3.964499E-01 -5.352889E-01
5.457420E+02 2.956356E-01 -5.681785E-01
5.464399E+02 2.377139E-01 -5.354590E-01
5.471380E+02 2.395120E-01 -5.130394E-01
5.478360E+02 2.470469E-01 -5.367563E-01
5.485340E+02 2.184541E-01 -5.720144E-01
5.492320E+02 1.751504E-01 -5.761141E-01
5.499300E+02 1.611841E-01 -5.609442E-01
5.506280E+02 1.751946E-01 -5.732642E-01
5.513260E+02 1.697519E-01 -6.258356E-01
5.520240E+02 1.162334E-01 -6.767554E-01
5.527220E+02 4.411088E-02 -6.848426E-01
5.534200E+02 3.482706E-04 -6.641445E-01
5.541180E+02 -1.535073E-02 -6.622266E-01
5.548160E+02 -5.026730E-02 -6.908830E-01
5.555140E+02 -1.312390E-01 -7.034714E-01
5.562120E+02 -2.188702E-01 -6.527359E-01
5.569100E+02 -2.463427E-01 -5.568417E-01
5.576080E+02 -1.975337E-01 -4.885831E-01
5.583060E+02 -1.288719E-01 -4.988757E-01
5.590040E+02 -1.099785E-01 -5.658194E-01
5.597020E+02 -1.558011E-01 -6.254159E-01
5.604000E+02 -2.260408E-01 -6.400209E-01
5.610980E+02 -2.803275E-01 -6.235034E-01
5.617960E+02 -3.160834E-01 -6.058952E-01
5.624940E+02 -3.517013E-01 -5.939285E-01
5.631920E+02 -3.918560E-01 -5.751387E-01
5.638900E+02 -4.249062E-01 -5.465487E-01
5.645880E+02 -4.473389E-01 -5.203934E-01
5.652860E+02 -4.717395E-01 -5.016393E-01
5.659839E+02 -5.049958E-01 -4.769465E-01
5.666820E+02 -5.327214E-01 -4.357389E-01
5.673800E+02 -5.383928E-01 -3.917190E-01
5.680779E+02 -5.315249E-01 -3.678450E-01
5.687760E+02 -5.396587E-01 -3.617650E-01
5.694740E+02 -5.688909E-01 -3.437639E-01
5.701719E+02 -5.888672E-01 -2.983043E-01
5.708700E+02 -5.720872E-01 -2.543950E-01
5.715680E+02 -5.407738E-01 -2.547545E-01
5.722660E+02 -5.526437E-01 -2.940394E-01
5.729640E+02 -6.306472E-01 -3.079390E-01
5.736619E+02 -7.213097E-01 -2.398874E-01
5.743600E+02 -7.421297E-01 -1.119526E-01
5.750580E+02 -6.708115E-01 -1.124069E-02
5.757560E+02 -5.723118E-01 -9.023111E-04
5.764540E+02 -5.304834E-01 -5.715107E-02
5.771520E+02 -5.644314E-01 -1.025767E-01
5.778500E+02 -6.236846E-01 -9.034561E-02
5.785480E+02 -6.559973E-01 -3.901702E-02
5.792460E+02 -6.576992E-01 1.085384E-02
5.799440E+02 -6.529760E-01 4.890718E-02
5.806420E+02 -6.474961E-01 8.929628E-02
5.813400E+02 -6.270402E-01 1.306047E-01
5.820380E+02 -5.953806E-01 1.514541E-01
5.827360E+02 -5.830085E-01 1.508171E-01
5.834340E+02 -6.026313E-01 1.662631E-01
5.841320E+02 -6.151395E-01 2.284053E-01
5.848300E+02 -5.681768E-01 3.068644E-01
5.855280E+02 -4.692280E-01 3.307199E-01
5.862260E+02 -3.940291E-01 2.727022E-01
5.869240E+02 -4.054939E-01 1.922900E-01
5.876219E+02 -4.786322E-01 1.743778E-01
5.883200E+02 -5.288259E-01 2.337466E-01
5.890179E+02 -5.111833E-01 3.049939E-01
5.897160E+02 -4.652772E-01 3.299157E-01
5.904140E+02 -4.501132E-01 3.275061E-01
5.911119E+02 -4.591183E-01 3.555715E-01
5.918100E+02 -4.309214E-01 4.187475E-01
5.925080E+02 -3.417499E-01 4.508248E-01
5.932060E+02 -2.528010E-01 3.997238E-01
5.939040E+02 -2.434642E-01 3.034161E-01
5.946019E+02 -3.137362E-01 2.531264E-01
5.953000E+02 -3.828024E-01 2.874253E-01
5.959980E+02 -3.866656E-01 3.518239E-01
5.966960E+02 -3.503291E-01 3.732331E-01
5.973940E+02 -3.460397E-01 3.514900E-01
5.980920E+02 -3.965279E-01 3.536890E-01
5.987900E+02 -4.465334E-01 4.258509E-01
5.994880E+02 -4.306174E-01 5.369149E-01
6.001860E+02 -3.452394E-01 6.173124E-01
6.008840E+02 -2.419532E-01 6.320796E-01
6.015820E+02 -1.677939E-01 5.997877E-01
6.022800E+02 -1.338736E-01 5.546319E-01
6.029780E+02 -1.336012E-01 5.175372E-01
6.036760E+02 -1.599500E-01 5.054751E-01
6.043740E+02 -1.916576E-01 5.385443E-01
6.050720E+02 -1.857552E-01 6.137488E-01
6.057700E+02 -1.138249E-01 6.837636E-01
6.064680E+02 -5.342352E-03 6.915296E-01
6.071660E+02 7.012511E-02 6.343282E-01
6.078640E+02 7.693246E-02 5.741131E-01
6.085620E+02 5.488839E-02 5.689945E-01
6.092600E+02 7.028709E-02 6.062369E-01
6.099579E+02 1.346655E-01 6.231458E-01
6.106560E+02 1.957501E-01 5.901840E-01
6.113540E+02 2.122260E-01 5.469716E-01
6.120519E+02 2.115738E-01 5.428576E-01
6.127500E+02 2.508106E-01 5.624678E-01
6.134480E+02 3.306109E-01 5.403743E-01
6.141459E+02 3.806308E-01 4.516417E-01
6.148440E+02 3.444873E-01 3.595333E-01
6.155420E+02 2.599306E-01 3.500337E-01
6.162400E+02 2.276543E-01 4.271676E-01
6.169380E+02 2.982036E-01 4.991610E-01
6.176359E+02 4.111616E-01 4.788090E-01
6.183340E+02 4.622055E-01 3.824054E-01
6.190320E+02 4.222136E-01 3.103859E-01
6.197300E+02 3.703986E-01 3.307691E-01
6.204280E+02 4.028962E-01 3.991377E-01
6.211260E+02 5.207637E-01 4.065533E-01
6.218240E+02 6.237859E-01 3.016551E-01
6.225220E+02 6.173423E-01 1.509677E-01
6.232200E+02 5.148681E-01 7.084195E-02
6.239180E+02 4.243023E-01 1.051754E-01
6.246160E+02 4.336566E-01 1.813543E-01
6.253140E+02 5.198717E-01 1.911458E-01
6.260120E+02 5.790506E-01 1.078064E-01
6.267100E+02 5.435674E-01 1.161562E-02
6.274080E+02 4.564588E-01 -2.643316E-03
6.281060E+02 4.217424E-01 6.781119E-02
6.288040E+02 4.885926E-01 1.318750E-01
6.295020E+02 6.005751E-01 1.058792E-01
6.302000E+02 6.631951E-01 -2.353746E-04
6.308980E+02 6.451872E-01 -1.070464E-01
6.315959E+02 5.957796E-01 -1.613496E-01
6.322940E+02 5.693766E-01 -1.837876E-01
6.329919E+02 5.617602E-01 -2.194574E-01
6.336900E+02 5.357452E-01 -2.694753E-01
6.343880E+02 4.885146E-01 -2.983476E-01
6.350859E+02 4.583802E-01 -2.995134E-01
6.357840E+02 4.598046E-01 -3.160124E-01
6.364820E+02 4.452634E-01 -3.766086E-01
6.371800E+02 3.627768E-01 -4.351960E-01
6.378780E+02 2.412630E-01 -4.112321E-01
6.385759E+02 1.812772E-01 -2.949919E-01
6.392740E+02 2.441753E-01 -1.812654E-01
6.399720E+02 3.727004E-01 -1.744515E-01
6.406700E+02 4.483576E-01 -2.736067E-01
6.413680E+02 4.208338E-01 -3.791020E-01
6.420660E+02 3.519635E-01 -4.120832E-01
6.427640E+02 3.254645E-01 -3.970912E-01
6.434620E+02 3.431100E-01 -4.103985E-01
6.441600E+02 3.374429E-01 -4.713012E-01
6.448580E+02 2.733617E-01 -5.204234E-01
6.455560E+02 1.982950E-01 -5.059273E-01
6.462540E+02 1.777950E-01 -4.558900E-01
6.469520E+02 2.085024E-01 -4.410671E-01
6.476500E+02 2.248112E-01 -4.826335E-01
6.483480E+02 1.855578E-01 -5.284029E-01
6.490460E+02 1.239618E-01 -5.235424E-01
6.497440E+02 1.008462E-01 -4.783595E-01
6.504420E+02 1.300216E-01 -4.494414E-01
6.511400E+02 1.705840E-01 -4.697164E-01
6.518380E+02 1.828562E-01 -5.207922E-01
6.525359E+02 1.662513E-01 -5.706694E-01
6.532340E+02 1.379888E-01 -6.124920E-01
6.539319E+02 9.857635E-02 -6.538566E-01
6.546300E+02 3.776248E-02 -6.861901E-01
6.553280E+02 -3.517405E-02 -6.882197E-01
6.560259E+02 -9.025141E-02 -6.587383E-01
6.567240E+02 -1.111552E-01 -6.264867E-01
6.574220E+02 -1.161755E-01 -6.186989E-01
6.581199E+02 -1.353068E-01 -6.306057E-01
6.588180E+02 -1.750384E-01 -6.360705E-01
6.595160E+02 -2.164675E-01 -6.215037E-01
6.602140E+02 -2.430571E-01 -5.974030E-01
6.609120E+02 -2.572345E-01 -5.791754E-01
6.616099E+02 -2.694972E-01 -5.701668E-01
6.623080E+02 -2.845847E-01 -5.669305E-01
6.630060E+02 -3.049924E-01 -5.685771E-01
6.637040E+02 -3.372642E-01 -5.713678E-01
6.644020E+02 -3.828218E-01 -5.620232E-01
6.651000E+02 -4.271314E-01 -5.297468E-01
6.657980E+02 -4.514059E-01 -4.834027E-01
6.664960E+02 -4.558849E-01 -4.436652E-01
6.671940E+02 -4.581721E-01 -4.154928E-01
6.678920E+02 -4.630890E-01 -3.826535E-01
6.685900E+02 -4.488651E-01 -3.396864E-01
6.692880E+02 -3.996313E-01 -3.169972E-01
6.699860E+02 -3.455749E-01 -3.524025E-01
6.706840E+02 -3.474462E-01 -4.347363E-01
6.713820E+02 -4.294167E-01 -4.957077E-01
6.720800E+02 -5.403848E-01 -4.748482E-01
6.727780E+02 -6.001009E-01 -3.867437E-01
6.734760E+02 -5.831110E-01 -3.073769E-01
6.741740E+02 -5.425354E-01 -2.913150E-01
6.748719E+02 -5.459834E-01 -3.156664E-01
6.755699E+02 -6.000978E-01 -3.133768E-01
6.762680E+02 -6.488688E-01 -2.518413E-01
6.769659E+02 -6.397103E-01 -1.659849E-01
6.776640E+02 -5.777659E-01 -1.167515E-01
6.783620E+02 -5.148389E-01 -1.301901E-01
6.790599E+02 -4.974660E-01 -1.803413E-01
6.797580E+02 -5.317921E-01 -2.201446E-01
6.804560E+02 -5.892513E-01 -2.198138E-01
6.811540E+02 -6.343347E-01 -1.814899E-01
6.818520E+02 -6.483971E-01 -1.297761E-01
6.825499E+02 -6.379208E-01 -9.100781E-02
6.832480E+02 -6.251918E-01 -7.406045E-02
6.839460E+02 -6.269470E-01 -6.605673E-02
6.846440E+02 -6.391775E-01 -4.900645E-02
6.853420E+02 -6.458486E-01 -2.120698E-02
6.860400E+02 -6.425188E-01 3.358834E-03
6.867380E+02 -6.428267E-01 1.869186E-02
6.874360E+02 -6.556594E-01 3.993341E-02
6.881340E+02 -6.645588E-01 8.231159E-02
6.888320E+02 -6.445858E-01 1.319075E-01
6.895300E+02 -6.002328E-01 1.540804E-01
6.902280E+02 -5.704755E-01 1.373369E-01
6.909260E+02 -5.849124E-01 1.155336E-01
6.916240E+02 -6.242462E-01 1.320408E-01
6.923220E+02 -6.404953E-01 1.871199E-01
6.930200E+02 -6.151703E-01 2.379301E-01
6.937180E+02 -5.798020E-01 2.536382E-01
6.944160E+02 -5.711230E-01 2.531580E-01
6.951140E+02 -5.814006E-01 2.752146E-01
6.958120E+02 -5.713277E-01 3.223898E-01
6.965099E+02 -5.269861E-01 3.563143E-01
6.972080E+02 -4.819561E-01 3.504185E-01
6.979059E+02 -4.741872E-01 3.276215E-01
6.986040E+02 -4.966215E-01 3.320095E-01
6.993020E+02 -5.071689E-01 3.739092E-01
6.999999E+02 -4.816260E-01 4.210512E-01
