       2.117,    1.023e+01,   -2.485e+00
       4.234,    7.286e+00,   -1.560e+00
       6.351,    3.805e+00,   -7.797e-01
       8.467,    2.260e+00,   -6.864e-01
      10.584,    1.701e+00,   -8.372e-01
      12.701,    8.995e-01,   -6.650e-01
      14.818,    4.628e-01,   -4.920e-01
      16.935,    3.947e-01,   -3.978e-01
      19.052,    2.970e-01,   -2.117e-01
      21.169,    1.894e-01,   -1.238e-01
      23.286,    1.129e-01,   -1.491e-01
      25.402,    8.408e-02,   -1.256e-01
      27.519,    8.374e-02,   -9.611e-02
      29.636,    5.021e-02,   -7.505e-02
      31.753,    3.644e-02,   -4.483e-02
      33.870,    4.476e-02,   -3.849e-02
      35.987,    3.116e-02,   -3.509e-02
      38.104,    2.498e-02,   -2.636e-02
      40.220,    1.688e-02,   -2.651e-02
      42.337,    5.410e-03,   -1.892e-02
      44.454,   -3.014e-03,    4.155e-03
      46.571,   -6.866e-03,    1.001e-02
      48.688,   -1.726e-02,   -2.596e-03
      50.805,    6.591e-02,   -4.150e-03
      52.922,    2.480e-01,   -2.266e-03
      55.039,    2.131e-01,   -3.429e-03
      57.155,    5.407e-02,   -3.673e-03
      59.272,    5.406e-02,   -1.858e-03
      61.389,    7.537e-02,    2.914e-03
      63.506,    3.049e-02,    3.936e-03
      65.623,    3.459e-03,    4.072e-03
      67.740,    8.730e-04,    5.213e-03
      69.857,   -2.172e-03,    6.000e-03
      71.973,   -5.775e-04,    5.995e-03
      74.090,    3.609e-03,    4.004e-03
      76.207,    3.680e-03,    2.801e-03
      78.324,    1.959e-03,    3.227e-03
      80.441,   -2.203e-05,    3.675e-03
      82.558,    1.617e-03,    2.422e-03
      84.675,    4.170e-03,    2.229e-03
      86.792,    2.435e-03,    3.979e-03
      88.908,    1.455e-03,    3.139e-03
      91.025,    9.884e-04,    1.923e-03
      93.142,   -5.687e-04,    1.949e-03
      95.259,   -4.436e-04,    1.027e-03
      97.376,    7.287e-04,    1.794e-03
      99.493,    1.398e-03,    1.754e-03
     101.610,    2.398e-03,   -9.524e-04
     103.726,    2.256e-03,   -8.158e-04
     105.843,   -2.646e-04,    1.665e-03
     107.960,   -1.556e-03,    2.352e-03
     110.077,   -1.218e-03,    2.645e-03
     112.194,   -1.151e-03,    3.059e-03
     114.311,   -6.296e-04,    2.002e-03
     116.428,   -3.247e-04,    1.079e-03
     118.544,   -7.059e-04,    1.215e-03
     120.661,   -5.745e-04,    1.261e-03
     122.778,    6.347e-04,    1.420e-03
     124.895,    1.703e-03,    1.652e-03
     127.012,    1.073e-03,    1.735e-03
     129.129,   -3.543e-04,    1.280e-03
     131.246,   -2.630e-04,    5.596e-04
     133.363,    1.005e-03,    3.932e-04
     135.479,    1.288e-03,    7.488e-04
     137.596,    1.086e-03,    1.677e-03
     139.713,    1.078e-03,    1.714e-03
     141.830,    1.031e-03,    1.476e-03
     143.947,    1.139e-03,    1.866e-03
     146.064,    6.522e-04,    1.776e-03
     148.181,   -5.491e-04,    1.469e-03
     150.297,   -4.179e-04,    4.142e-04
     152.414,    1.779e-03,   -6.277e-04
     154.531,    3.096e-03,   -1.362e-04
     156.648,    2.720e-03,    1.979e-04
     158.765,    2.709e-03,   -9.569e-05
     160.882,    2.925e-03,   -7.455e-05
     162.999,    2.629e-03,   -1.932e-04
     165.116,    2.358e-03,   -8.265e-04
     167.232,    1.824e-03,   -9.356e-04
     169.349,    2.009e-03,   -3.454e-04
     171.466,    3.501e-03,    1.674e-04
     173.583,    4.283e-03,    8.317e-04
     175.700,    4.177e-03,    7.103e-04
     177.817,    5.171e-03,   -7.224e-05
     179.934,    7.421e-03,   -5.107e-04
     182.050,    9.984e-03,   -1.121e-03
     184.167,    1.737e-02,   -1.266e-03
     186.284,    2.896e-02,   -3.299e-04
     188.401,    5.406e-02,    2.110e-04
     190.518,    9.996e-02,    6.370e-04
     192.635,    1.996e-01,    1.660e-03
     194.752,    4.374e-01,    1.951e-03
     196.869,    6.403e-01,    2.542e-03
     198.985,    7.056e-01,    4.025e-03
     201.102,    7.493e-01,    4.675e-03
     203.219,    6.676e-01,    4.690e-03
     205.336,    6.512e-01,    5.229e-03
     207.453,    8.178e-01,    6.202e-03
     209.570,    9.072e-01,    6.932e-03
     211.687,    9.489e-01,    7.296e-03
     213.803,    9.538e-01,    7.815e-03
     215.920,    9.440e-01,    8.287e-03
     218.037,    9.616e-01,    8.301e-03
     220.154,    8.983e-01,    8.194e-03
     222.271,    8.966e-01,    8.099e-03
     224.388,    1.000e+00,    7.889e-03
     226.505,    9.726e-01,    7.217e-03
     228.622,    7.204e-01,    5.557e-03
     230.738,    3.854e-01,    3.579e-03
     232.855,    1.632e-01,    2.215e-03
     234.972,    7.128e-02,    1.046e-03
     237.089,    3.492e-02,    5.369e-05
     239.206,    2.023e-02,   -3.296e-04
     241.323,    1.358e-02,   -2.100e-04
     243.440,    9.362e-03,    7.651e-05
     245.556,    5.848e-03,    3.122e-04
     247.673,    3.938e-03,    4.553e-04
     249.790,    1.884e-03,    4.272e-04
     251.907,   -4.900e-04,    4.626e-04
     254.024,   -1.512e-03,    4.703e-04
     256.141,   -1.424e-03,    2.529e-04
     258.258,   -1.147e-03,    3.694e-04
     260.375,   -9.489e-04,    6.821e-04
     262.491,   -9.470e-04,    7.173e-04
     264.608,   -1.140e-03,    6.176e-04
     266.725,   -1.140e-03,    3.925e-04
     268.842,   -1.230e-03,    2.323e-04
     270.959,   -1.432e-03,    3.769e-04
     273.076,   -1.265e-03,    4.914e-04
     275.193,   -8.466e-04,    4.284e-04
     277.309,   -4.815e-04,    3.703e-04
     279.426,   -3.111e-04,    2.655e-04
     281.543,   -1.192e-04,    2.145e-04
     283.660,    5.317e-05,    2.046e-04
     285.777,    6.857e-05,    6.346e-05
     287.894,    1.811e-04,    8.085e-05
     290.011,    1.556e-04,    2.005e-04
     292.128,   -1.235e-05,    2.152e-04
     294.244,    9.622e-05,    3.493e-04
     296.361,    2.463e-04,    3.591e-04
     298.478,    3.383e-04,    1.765e-04
     300.595,    4.428e-04,    2.299e-05
     302.712,    4.269e-04,   -5.763e-05
     304.829,    4.826e-04,   -3.285e-05
     306.946,    6.353e-04,   -5.348e-05
     309.062,    4.681e-04,    5.305e-06
     311.179,    1.896e-04,    3.091e-04
     313.296,    3.870e-05,    5.043e-04
     315.413,   -7.338e-05,    2.437e-04
     317.530,   -5.038e-05,   -9.217e-05
     319.647,    5.900e-05,   -1.252e-04
     321.764,    1.012e-04,   -5.986e-05
     323.881,   -1.419e-05,   -5.579e-05
     325.997,   -8.722e-05,   -1.179e-04
     328.114,   -6.780e-05,   -1.565e-04
     330.231,   -1.202e-04,   -7.095e-05
     332.348,    1.538e-04,    4.558e-05
     334.465,    1.571e-04,    1.013e-04
     336.582,    2.449e-03,    1.981e-04
     338.699,    1.438e-02,    3.100e-04
     340.815,    2.337e-02,    3.015e-04
     342.932,    1.541e-02,    1.740e-04
     345.049,    5.819e-03,    2.960e-06
     347.166,    3.998e-03,   -1.148e-05
     349.283,    4.363e-03,    3.866e-05
     351.400,    6.717e-03,    5.229e-05
     353.517,    1.247e-02,    1.897e-04
     355.633,    2.278e-02,    2.747e-04
     357.750,    3.837e-02,    3.812e-04
     359.867,    4.357e-02,    6.454e-04
     361.984,    3.210e-02,    6.803e-04
     364.101,    2.216e-02,    4.784e-04
     366.218,    1.765e-02,    3.300e-04
     368.335,    1.519e-02,    2.569e-04
     370.452,    1.733e-02,    2.647e-04
     372.568,    2.075e-02,    3.185e-04
     374.685,    1.867e-02,    2.920e-04
     376.802,    1.115e-02,    2.041e-04
     378.919,    5.055e-03,    1.957e-04
     381.036,    2.666e-03,    1.820e-04
     383.153,    1.771e-03,    2.271e-05
     385.270,    1.163e-03,   -1.050e-04
     387.386,    7.494e-04,   -5.064e-05
     389.503,    6.022e-04,   -5.952e-06
     391.620,    5.995e-04,   -8.320e-05
     393.737,    6.456e-04,   -1.239e-04
     395.854,    6.541e-04,   -8.396e-05
     397.971,    6.491e-04,   -5.425e-05
     400.088,    6.686e-04,   -7.804e-05
     402.205,    8.911e-04,   -1.322e-04
     404.321,    1.172e-03,   -1.391e-04
     406.438,    9.535e-04,   -1.306e-04
     408.555,    9.941e-04,   -1.252e-04
     410.672,    2.055e-03,   -7.354e-05
     412.789,    4.118e-03,   -5.667e-05
     414.906,    7.744e-03,    7.970e-06
     417.023,    1.093e-02,    1.213e-04
     419.139,    1.098e-02,    9.517e-05
     421.256,    9.563e-03,    4.713e-05
     423.373,    9.171e-03,    8.489e-05
     425.490,    9.282e-03,    1.252e-04
     427.607,    8.427e-03,    1.258e-04
     429.724,    7.172e-03,    1.542e-04
     431.841,    6.661e-03,    2.255e-04
     433.958,    7.113e-03,    2.183e-04
     436.074,    6.462e-03,    1.949e-04
     438.191,    3.508e-03,    2.108e-04
     440.308,    1.313e-03,    1.947e-04
     442.425,    9.142e-04,    1.726e-04
     444.542,    6.386e-04,    1.701e-04
     446.659,    3.047e-05,    2.162e-04
     448.776,   -4.721e-04,    2.959e-04
     450.892,   -6.359e-04,    3.213e-04
     453.009,   -7.812e-04,    2.941e-04
     455.126,   -8.609e-04,    2.291e-04
     457.243,   -8.324e-04,    1.878e-04
     459.360,   -9.169e-04,    2.544e-04
     461.477,   -9.723e-04,    3.287e-04
     463.594,   -8.915e-04,    3.495e-04
     465.711,   -6.463e-04,    2.653e-04
     467.827,   -3.146e-04,    6.186e-05
     469.944,   -1.307e-04,   -6.795e-05
     472.061,   -1.391e-04,   -7.417e-05
     474.178,   -1.684e-04,   -6.193e-05
     476.295,   -1.180e-04,   -7.889e-05
     478.412,   -9.331e-05,   -1.082e-04
     480.529,   -1.061e-04,   -9.422e-05
     482.645,   -7.155e-05,   -1.148e-05
     484.762,   -2.521e-05,    3.778e-05
     486.879,   -2.244e-05,   -2.293e-05
     488.996,   -9.987e-07,   -8.353e-05
     491.113,    1.406e-05,   -7.140e-05
     493.230,    2.613e-05,   -5.642e-05
     495.347,    7.125e-05,   -4.435e-05
     497.464,    2.151e-05,   -4.338e-06
     499.580,   -6.393e-05,   -1.931e-06
     501.697,   -3.315e-05,   -4.673e-05
     503.814,    3.742e-05,   -8.803e-05
     505.931,    8.354e-05,   -9.906e-05
     508.048,    8.517e-05,   -2.908e-05
     510.165,    2.540e-05,    5.421e-05
     512.282,   -1.233e-05,    1.262e-05
     514.398,   -8.046e-06,   -3.309e-05
     516.515,    1.626e-05,   -5.270e-05
     518.632,    3.734e-05,   -1.145e-04
     520.749,    4.249e-05,   -1.033e-04
     522.866,    8.432e-05,   -3.775e-05
     524.983,    1.195e-04,   -4.424e-06
     527.100,    9.560e-05,    2.926e-06
     529.217,    6.668e-05,    1.217e-06
     531.333,    3.357e-05,    5.801e-06
     533.450,    4.510e-06,    7.816e-06
     535.567,    1.862e-05,   -6.350e-06
     537.684,    3.687e-05,   -3.069e-05
     539.801,    3.336e-05,   -3.829e-05
     541.918,    2.309e-05,    3.970e-07
     544.035,    2.711e-06,    3.082e-05
     546.151,   -2.150e-05,    2.199e-05
     548.268,   -3.727e-06,    1.043e-05
     550.385,    3.377e-05,    9.769e-06
     552.502,    3.992e-06,    3.475e-05
     554.619,   -3.740e-05,    3.480e-05
     556.736,   -9.801e-06,   -1.989e-05
     558.853,    3.180e-06,   -5.710e-05
     560.970,   -4.033e-05,   -5.495e-05
     563.086,   -3.349e-05,   -2.373e-05
     565.203,    4.411e-05,    6.384e-06
     567.320,    1.238e-04,    1.554e-05
     569.437,    1.556e-04,   -9.787e-06
     571.554,    1.226e-04,   -4.202e-05
     573.671,    8.014e-05,   -2.716e-05
     575.788,    2.854e-05,   -9.689e-06
     577.904,   -1.162e-05,   -1.179e-05
     580.021,    6.801e-06,   -2.270e-05
     582.138,    5.549e-05,   -4.035e-05
     584.255,    1.062e-04,   -4.036e-05
     586.372,    9.591e-05,   -3.177e-06
     588.489,    1.740e-05,    1.728e-05
     590.606,   -1.673e-05,   -1.851e-05
     592.722,   -2.633e-05,   -3.178e-05
     594.839,   -7.164e-05,   -4.422e-06
     596.956,   -8.057e-05,   -1.562e-05
     599.073,   -4.016e-05,   -4.705e-05
     601.190,   -1.370e-05,   -6.391e-05
     603.307,   -3.825e-05,   -6.450e-05
     605.424,   -9.108e-05,   -1.710e-05
     607.541,   -1.228e-04,    2.657e-05
     609.657,   -1.066e-04,    2.389e-05
     611.774,   -6.490e-05,    3.137e-05
     613.891,   -2.525e-05,    4.115e-05
     616.008,   -1.309e-05,    3.785e-05
     618.125,   -3.962e-05,    2.598e-05
     620.242,   -3.847e-05,   -6.076e-07
     622.359,   -2.656e-05,    3.036e-05
     624.475,   -4.146e-05,    6.643e-05
     626.592,   -7.214e-05,    2.938e-05
     628.709,   -9.822e-05,   -1.144e-05
     630.826,   -5.281e-05,   -3.337e-05
     632.943,    2.354e-06,   -1.979e-05
     635.060,    1.145e-05,    2.870e-05
     637.177,    6.615e-06,    3.879e-05
     639.294,   -2.454e-05,    4.741e-06
     641.410,   -5.579e-05,   -8.923e-06
     643.527,   -5.202e-05,    1.125e-05
     645.644,   -4.606e-05,    2.852e-06
     647.761,   -6.687e-05,   -1.733e-05
     649.878,   -9.983e-05,   -7.150e-06
     651.995,   -1.328e-04,    8.717e-06
     654.112,   -1.149e-04,    2.237e-05
     656.228,   -4.539e-05,    2.941e-05
     658.345,   -2.385e-07,    1.858e-05
     660.462,   -9.090e-06,   -2.568e-05
     662.579,   -6.064e-05,   -6.541e-05
     664.696,   -5.755e-05,   -5.923e-05
     666.813,    2.221e-05,   -3.756e-05
     668.930,    7.815e-05,   -3.130e-05
     671.047,    1.057e-04,   -6.232e-05
     673.163,    1.257e-04,   -9.880e-05
     675.280,    1.099e-04,   -7.054e-05
     677.397,    1.081e-04,   -1.587e-05
     679.514,    1.440e-04,   -7.719e-06
     681.631,    1.716e-04,   -2.193e-05
     683.748,    2.002e-04,   -2.891e-05
     685.865,    2.215e-04,   -5.054e-05
     687.981,    2.265e-04,   -6.783e-05
     690.098,    2.178e-04,   -6.609e-05
     692.215,    1.814e-04,   -6.110e-05
     694.332,    1.596e-04,   -5.226e-05
     696.449,    1.812e-04,   -4.277e-05
     698.566,    1.935e-04,   -6.081e-05
     700.683,    1.384e-04,   -1.011e-04
     702.800,    6.795e-05,   -7.207e-05
     704.916,    5.138e-05,   -2.871e-06
     707.033,    6.377e-05,    1.529e-05
     709.150,    9.664e-05,   -4.270e-06
     711.267,    1.305e-04,   -5.756e-05
     713.384,    1.656e-04,   -1.151e-04
     715.501,    2.142e-04,   -1.220e-04
     717.618,    2.425e-04,   -1.036e-04
     719.734,    2.452e-04,   -1.099e-04
     721.851,    2.293e-04,   -1.181e-04
     723.968,    2.153e-04,   -1.091e-04
     726.085,    2.034e-04,   -9.965e-05
     728.202,    1.795e-04,   -9.989e-05
     730.319,    1.543e-04,   -1.089e-04
     732.436,    1.344e-04,   -9.641e-05
     734.553,    1.292e-04,   -7.535e-05
     736.669,    1.148e-04,   -7.762e-05
     738.786,    6.650e-05,   -7.763e-05
     740.903,    4.337e-05,   -6.413e-05
     743.020,    5.864e-05,   -6.148e-05
     745.137,    6.972e-05,   -6.474e-05
     747.254,    6.588e-05,   -6.793e-05
     749.371,    4.022e-05,   -4.854e-05
     751.487,    2.185e-05,   -2.025e-05
     753.604,    2.439e-05,   -2.890e-05
     755.721,    4.566e-05,   -1.605e-05
     757.838,    5.038e-05,    1.091e-05
     759.955,    2.169e-05,   -7.425e-06
     762.072,    1.784e-05,   -3.997e-05
     764.189,    2.276e-05,   -5.174e-05
     766.306,    2.072e-05,   -4.226e-05
     768.422,    1.896e-05,   -4.599e-05
     770.539,    2.344e-05,   -2.997e-05
     772.656,    2.843e-05,    3.759e-06
     774.773,    3.243e-06,    1.328e-06
     776.890,   -1.306e-05,   -2.147e-05
     779.007,   -1.147e-05,   -4.837e-05
     781.124,   -1.870e-05,   -4.278e-05
     783.240,   -4.482e-06,   -1.239e-05
     785.357,    1.954e-05,   -1.643e-06
     787.474,    2.725e-05,    8.109e-06
     789.591,    2.984e-05,    2.299e-05
     791.708,    1.819e-05,    2.008e-05
     793.825,    2.060e-05,    9.224e-06
     795.942,    2.313e-05,    2.532e-06
     798.059,   -4.654e-08,   -5.664e-06
     800.175,   -1.594e-05,   -8.026e-06
     802.292,   -2.017e-05,    1.684e-06
     804.409,   -3.681e-06,    2.553e-07
     806.526,    1.314e-05,   -4.740e-07
     808.643,    3.074e-06,    6.441e-06
     810.760,   -2.263e-06,   -7.629e-06
     812.877,    1.938e-05,   -1.663e-05
     814.993,    2.924e-05,   -5.145e-06
     817.110,    2.074e-05,    9.482e-06
     819.227,    1.418e-05,    2.198e-05
     821.344,   -8.079e-08,    2.412e-05
     823.461,   -1.995e-06,    2.348e-05
     825.578,    8.568e-06,    1.489e-05
     827.695,    1.015e-05,   -6.381e-06
     829.811,    2.102e-05,   -5.603e-06
     831.928,    2.481e-05,    8.494e-06
     834.045,   -3.903e-06,    1.802e-06
     836.162,   -2.879e-05,   -4.156e-06
     838.279,   -2.798e-05,    1.433e-06
     840.396,   -1.874e-05,    2.577e-06
     842.513,   -1.861e-05,    7.001e-06
     844.630,   -1.741e-05,    9.071e-06
     846.746,   -9.514e-06,    5.329e-08
     848.863,   -8.659e-07,   -7.612e-06
     850.980,   -4.418e-06,   -1.713e-05
     853.097,   -2.189e-05,   -2.237e-05
     855.214,   -1.722e-05,   -1.411e-05
     857.331,   -4.478e-06,   -8.591e-06
     859.448,   -1.092e-05,    6.213e-07
     861.564,   -1.099e-05,    1.089e-05
     863.681,   -4.502e-06,    1.142e-05
     865.798,   -7.207e-07,    1.662e-05
     867.915,    3.325e-06,    4.006e-06
     870.032,    9.466e-07,   -2.506e-05
     872.149,   -7.648e-06,   -2.019e-05
     874.266,   -1.404e-05,   -3.918e-06
     876.383,   -1.482e-05,   -4.042e-06
     878.499,   -2.021e-05,    1.100e-05
     880.616,   -1.274e-05,    2.374e-05
     882.733,   -5.393e-06,    3.301e-06
     884.850,   -1.918e-05,   -9.118e-06
     886.967,   -1.403e-05,    6.096e-06
     889.084,    3.502e-06,   -2.452e-06
     891.201,    1.720e-05,   -1.420e-05
     893.317,    3.189e-05,    1.417e-06
     895.434,    3.075e-05,   -1.265e-06
     897.551,    3.585e-05,   -3.232e-06
     899.668,    3.737e-05,    9.551e-06
     901.785,    1.460e-05,    7.370e-06
     903.902,    1.132e-05,    5.142e-06
     906.019,    2.237e-05,    5.669e-06
     908.136,    2.659e-05,    3.788e-07
     910.252,    3.511e-05,    5.948e-06
     912.369,    2.733e-05,    1.673e-05
     914.486,   -3.935e-07,    1.467e-05
     916.603,   -9.147e-06,    1.035e-05
     918.720,    7.546e-06,    6.257e-07
     920.837,    2.095e-05,   -1.165e-05
     922.954,    1.881e-05,   -9.367e-06
     925.070,    1.382e-05,   -3.795e-06
     927.187,    8.452e-06,    4.369e-06
     929.304,    3.749e-06,    1.302e-05
     931.421,    1.434e-05,    2.002e-05
     933.538,    2.805e-05,    3.318e-05
     935.655,    2.014e-05,    4.290e-05
     937.772,    2.811e-06,    3.413e-05
     939.889,    3.458e-06,    1.187e-05
     942.005,    1.121e-05,    1.085e-06
     944.122,    1.060e-05,    5.691e-06
     946.239,    1.302e-05,    1.070e-05
     948.356,    1.415e-05,    1.466e-05
     950.473,    5.525e-06,    1.379e-05
     952.590,   -8.343e-07,    2.637e-06
     954.707,    1.232e-06,   -6.123e-06
     956.823,    6.848e-06,   -3.254e-06
     958.940,    2.540e-06,    1.493e-06
     961.057,   -1.185e-06,   -7.795e-06
     963.174,    1.868e-06,   -2.404e-05
     965.291,   -1.266e-05,   -2.345e-05
     967.408,   -1.656e-05,   -2.229e-06
     969.525,   -2.367e-07,    8.801e-06
     971.642,    6.121e-06,    1.758e-06
     973.758,    1.041e-06,    3.634e-06
     975.875,   -1.221e-05,    5.384e-06
     977.992,   -2.230e-05,   -4.121e-06
     980.109,   -1.866e-05,   -1.022e-05
     982.226,   -9.751e-06,   -8.527e-06
     984.343,   -4.103e-07,    3.352e-06
     986.460,    1.420e-05,    1.211e-05
     988.576,    9.988e-06,    5.730e-06
     990.693,   -2.020e-05,    1.524e-06
     992.810,   -2.470e-05,    8.032e-06
     994.927,    2.157e-06,    1.570e-05
     997.044,    9.399e-06,    1.139e-05
     999.161,    7.426e-07,    8.135e-07
    1001.278,    5.388e-06,    1.206e-06
    1003.395,    7.128e-06,    1.150e-05
    1005.511,   -3.271e-06,    1.486e-05
    1007.628,   -1.693e-05,    1.677e-06
    1009.745,   -1.968e-05,   -8.748e-06
    1011.862,   -5.079e-06,   -2.528e-06
    1013.979,    4.226e-06,   -3.438e-06
    1016.096,    9.922e-06,   -1.612e-05
    1018.213,    1.536e-05,   -2.081e-05
    1020.329,    1.132e-05,   -1.562e-05
    1022.446,    8.477e-06,   -8.387e-06
    1024.563,    1.593e-05,   -3.093e-06
    1026.680,    1.859e-05,    2.644e-06
    1028.797,    1.427e-05,   -4.036e-06
    1030.914,    1.711e-05,   -1.404e-05
    1033.031,    9.426e-06,   -1.284e-05
    1035.148,   -2.325e-06,   -1.329e-05
    1037.264,   -2.142e-06,   -1.134e-05
    1039.381,    7.386e-07,   -1.042e-05
    1041.498,    1.351e-05,   -1.373e-05
    1043.615,    2.131e-05,   -1.980e-05
    1045.732,    8.334e-06,   -2.585e-05
    1047.849,   -1.385e-06,   -1.331e-05
    1049.966,   -2.444e-06,   -3.827e-07
    1052.082,   -9.741e-06,   -1.477e-06
    1054.199,   -1.783e-05,   -1.362e-06
    1056.316,   -2.517e-05,   -7.446e-06
    1058.433,   -2.595e-05,   -1.410e-05
    1060.550,   -1.294e-05,   -1.531e-05
    1062.667,   -9.406e-06,   -1.700e-05
    1064.784,   -1.925e-05,   -1.554e-05
    1066.900,   -1.993e-05,   -1.278e-05
    1069.017,   -1.017e-05,   -1.353e-06
    1071.134,    3.943e-06,    9.957e-06
    1073.251,    1.040e-05,    1.347e-05
    1075.368,    7.843e-06,    2.189e-05
    1077.485,    1.026e-05,    2.340e-05
    1079.602,    1.209e-05,    6.061e-06
    1081.719,    1.376e-05,   -7.262e-06
    1083.835,    9.965e-06,   -2.956e-07
    1085.952,    2.262e-06,    9.269e-06
    1088.069,    7.191e-06,    7.193e-06
    1090.186,    7.607e-06,    8.392e-07
    1092.303,   -5.228e-06,    1.827e-06
    1094.420,   -1.234e-05,    2.214e-06
    1096.537,   -4.398e-06,   -5.377e-06
    1098.653,    3.014e-06,   -8.428e-06
    1100.770,   -8.102e-06,    2.291e-06
    1102.887,   -1.096e-05,    5.154e-06
    1105.004,    9.435e-06,   -4.289e-06
    1107.121,    1.418e-05,   -3.097e-06
    1109.238,    1.855e-07,   -1.556e-06
    1111.355,    2.587e-06,    3.091e-06
    1113.472,    1.685e-05,    8.041e-06
    1115.588,    1.699e-05,   -1.187e-06
    1117.705,    5.994e-06,   -2.449e-07
    1119.822,    4.889e-06,    1.234e-05
    1121.939,    1.170e-05,    9.673e-06
    1124.056,    1.559e-05,   -4.768e-06
    1126.173,    2.024e-05,   -5.450e-06
    1128.290,    1.751e-05,    6.806e-06
    1130.406,    9.440e-07,    7.378e-06
    1132.523,   -5.440e-06,   -6.705e-06
    1134.640,   -4.698e-07,   -1.031e-05
    1136.757,   -6.734e-06,    4.468e-06
    1138.874,   -2.039e-05,    1.672e-05
    1140.991,   -2.720e-05,    1.691e-05
    1143.108,   -2.886e-05,    1.715e-05
    1145.225,   -3.389e-05,    2.044e-05
    1147.341,   -3.961e-05,    2.581e-05
    1149.458,   -4.708e-05,    3.746e-05
    1151.575,   -6.074e-05,    3.963e-05
    1153.692,   -7.066e-05,    3.454e-05
    1155.809,   -7.036e-05,    3.451e-05
    1157.926,   -6.974e-05,    3.228e-05
    1160.043,   -7.660e-05,    2.917e-05
    1162.159,   -8.083e-05,    2.863e-05
    1164.276,   -7.538e-05,    3.101e-05
    1166.393,   -7.777e-05,    3.723e-05
    1168.510,   -7.885e-05,    4.338e-05
    1170.627,   -6.614e-05,    4.072e-05
    1172.744,   -4.957e-05,    3.194e-05
    1174.861,   -2.445e-05,    2.429e-05
    1176.978,   -6.551e-06,    2.429e-05
    1179.094,   -3.897e-06,    1.894e-05
    1181.211,   -3.394e-06,   -1.262e-06
    1183.328,   -9.292e-06,   -6.972e-06
    1185.445,   -8.379e-06,   -6.044e-06
    1187.562,    2.351e-06,   -1.867e-05
    1189.679,    1.669e-06,   -2.354e-05
    1191.796,   -5.824e-07,   -1.415e-05
    1193.912,    1.219e-06,   -2.418e-06
    1196.029,    1.878e-06,    7.054e-06
    1198.146,    3.490e-06,    1.203e-05
    1200.263,    4.704e-06,    5.757e-06
    1202.380,    5.991e-06,   -3.124e-06
    1204.497,    2.919e-06,   -3.263e-06
    1206.614,   -4.223e-06,   -3.770e-06
    1208.731,   -8.719e-06,   -4.258e-06
    1210.847,   -1.249e-05,   -4.207e-07
    1212.964,   -1.657e-05,    1.151e-06
    1215.081,   -1.440e-05,   -4.440e-07
    1217.198,   -2.418e-06,   -2.485e-06
    1219.315,    9.319e-06,   -5.409e-06
    1221.432,    1.115e-05,   -8.746e-06
    1223.549,    1.628e-06,   -8.046e-06
    1225.665,   -7.236e-06,    2.644e-06
    1227.782,   -3.780e-06,    1.123e-05
    1229.899,   -1.643e-06,    8.583e-06
    1232.016,   -3.413e-06,    3.577e-06
    1234.133,    3.642e-07,   -5.552e-06
    1236.250,    3.678e-06,   -1.007e-05
    1238.367,   -1.612e-06,   -9.399e-06
    1240.484,   -4.749e-06,   -1.056e-05
    1242.600,    6.785e-07,    9.525e-08
    1244.717,    3.744e-06,    7.188e-06
    1246.834,   -2.695e-06,    5.613e-06
    1248.951,   -4.871e-06,    8.534e-06
    1251.068,    4.107e-06,    9.900e-06
    1253.185,    5.350e-06,    1.408e-05
    1255.302,    3.854e-06,    1.677e-05
    1257.418,    7.654e-06,    1.206e-05
    1259.535,    4.717e-06,    5.987e-06
    1261.652,    2.339e-06,    3.324e-06
    1263.769,    6.015e-06,    7.837e-06
    1265.886,    7.025e-06,    1.001e-05
    1268.003,    3.921e-06,   -1.162e-06
    1270.120,    2.127e-06,   -5.409e-06
    1272.237,    2.821e-06,    2.086e-06
    1274.353,   -4.428e-07,   -3.610e-06
    1276.470,    2.893e-06,   -1.197e-05
    1278.587,    1.176e-05,   -7.685e-06
    1280.704,    8.368e-06,   -4.808e-07
    1282.821,    1.942e-06,   -3.441e-06
    1284.938,    2.080e-06,   -8.790e-06
    1287.055,    5.738e-06,   -1.416e-06
    1289.171,    4.798e-06,    4.099e-06
    1291.288,   -6.212e-07,    8.299e-06
    1293.405,    4.635e-06,    1.300e-05
    1295.522,    1.311e-05,    5.347e-06
    1297.639,    4.452e-06,   -3.049e-06
    1299.756,   -1.196e-05,   -8.632e-07
    1301.873,   -1.400e-05,    8.345e-06
    1303.989,   -5.613e-06,    1.288e-05
    1306.106,    2.403e-06,    8.695e-06
    1308.223,    7.625e-06,    3.006e-06
    1310.340,    4.330e-06,    4.109e-06
    1312.457,   -4.663e-06,    5.468e-06
    1314.574,   -6.219e-06,    1.696e-06
    1316.691,   -3.000e-06,    4.312e-06
    1318.808,   -4.464e-06,    4.523e-06
    1320.924,   -4.804e-06,    3.621e-07
    1323.041,   -2.374e-06,    9.175e-07
    1325.158,    5.686e-08,    3.072e-07
    1327.275,   -6.384e-07,   -8.734e-07
    1329.392,   -5.728e-06,   -3.189e-06
    1331.509,   -3.827e-06,   -7.848e-06
    1333.626,    3.978e-06,   -4.899e-06
    1335.742,    1.082e-06,    3.676e-06
    1337.859,   -2.860e-07,    2.008e-07
    1339.976,    7.566e-06,   -1.231e-05
    1342.093,    8.052e-06,   -1.568e-05
    1344.210,    3.911e-06,   -4.916e-06
    1346.327,    1.148e-06,    4.233e-06
    1348.444,   -4.840e-07,    1.552e-06
    1350.561,    8.174e-07,    2.280e-06
    1352.677,    4.141e-06,    6.549e-06
    1354.794,    6.506e-06,    1.170e-06
    1356.911,    5.650e-06,   -4.117e-06
    1359.028,    4.047e-06,   -1.593e-06
    1361.145,    5.684e-06,    7.620e-06
    1363.262,    1.424e-06,    1.184e-05
    1365.379,   -7.170e-06,    1.117e-06
    1367.495,   -7.294e-06,   -3.429e-06
    1369.612,   -6.762e-06,   -2.922e-07
    1371.729,   -8.503e-06,   -6.429e-07
    1373.846,   -6.705e-06,    1.143e-06
    1375.963,   -6.249e-06,    9.009e-07
    1378.080,   -8.384e-06,   -2.537e-08
    1380.197,   -5.565e-07,    5.085e-06
    1382.314,    1.130e-05,    8.664e-06
    1384.430,    1.318e-05,    2.773e-06
    1386.547,    1.215e-05,   -1.340e-06
    1388.664,    7.201e-06,    2.639e-06
    1390.781,    9.036e-08,    3.024e-06
    1392.898,   -3.099e-06,    4.876e-06
    1395.015,   -3.436e-06,    1.111e-05
    1397.132,    4.601e-07,    8.937e-06
    1399.248,    2.757e-06,    4.066e-06
    1401.365,    2.709e-06,    5.676e-06
    1403.482,    2.111e-06,    4.732e-06
    1405.599,    8.367e-07,   -5.542e-07
    1407.716,   -2.202e-07,    3.919e-08
    1409.833,   -1.532e-06,    2.114e-06
    1411.950,   -1.674e-06,   -2.360e-06
    1414.067,   -3.326e-06,   -2.103e-06
    1416.183,   -3.212e-06,    1.472e-06
    1418.300,   -4.464e-06,   -4.077e-06
    1420.417,   -7.527e-06,   -6.386e-06
    1422.534,   -2.724e-06,   -1.226e-06
    1424.651,   -1.694e-06,   -4.188e-06
    1426.768,   -2.310e-06,   -3.903e-06
    1428.885,    6.492e-06,    4.118e-06
    1431.001,    9.967e-06,    2.361e-06
    1433.118,    7.651e-06,   -2.732e-06
    1435.235,    4.100e-06,   -5.738e-06
    1437.352,   -5.119e-06,   -2.960e-06
    1439.469,   -1.602e-05,    2.359e-06
    1441.586,   -2.161e-05,    2.068e-06
    1443.703,   -1.734e-05,    3.933e-07
    1445.820,   -9.315e-06,   -5.684e-06
    1447.936,   -1.556e-06,   -9.823e-06
    1450.053,    3.914e-06,   -3.567e-06
    1452.170,    5.231e-06,    2.677e-06
    1454.287,    3.652e-06,    2.214e-06
    1456.404,    4.595e-06,    3.492e-06
    1458.521,    3.383e-06,    4.849e-06
    1460.638,   -2.023e-06,    1.513e-06
    1462.754,    1.223e-06,    1.670e-06
    1464.871,    1.851e-06,    4.189e-06
    1466.988,   -5.110e-06,    6.441e-06
    1469.105,   -6.890e-06,    8.992e-06
    1471.222,   -1.437e-06,    9.607e-06
    1473.339,    4.102e-06,    6.760e-06
    1475.456,    7.583e-06,    2.143e-06
    1477.573,    1.994e-05,    2.397e-06
    1479.689,    2.712e-05,    5.703e-06
    1481.806,    9.477e-06,    4.745e-06
    1483.923,   -4.156e-06,   -1.426e-06
    1486.040,    2.784e-06,   -2.223e-06
    1488.157,    3.486e-06,   -2.322e-06
    1490.274,   -2.990e-06,   -1.159e-05
    1492.391,    2.976e-06,   -1.516e-05
    1494.507,    7.790e-06,   -9.126e-06
    1496.624,    1.902e-06,   -4.184e-06
    1498.741,    2.446e-06,   -8.880e-07
    1500.858,    2.454e-06,    2.370e-06
    1502.975,   -1.684e-06,   -2.165e-06
    1505.092,    3.655e-07,   -8.266e-06
    1507.209,   -1.751e-06,   -6.737e-06
    1509.326,   -5.227e-06,   -4.242e-06
    1511.442,   -1.979e-06,   -4.717e-06
    1513.559,    2.164e-06,   -4.322e-06
    1515.676,    4.457e-06,    1.950e-06
    1517.793,    1.770e-06,    4.652e-06
    1519.910,    1.208e-06,   -2.286e-07
    1522.027,    5.208e-06,   -3.092e-06
    1524.144,    4.158e-06,   -2.431e-06
    1526.260,    2.359e-06,   -2.379e-06
    1528.377,    5.103e-06,    7.045e-07
    1530.494,    8.946e-06,    7.846e-06
    1532.611,    1.321e-05,    1.053e-05
    1534.728,    1.222e-05,    1.127e-05
    1536.845,    2.065e-06,    1.121e-05
    1538.962,   -5.941e-06,    4.559e-06
    1541.078,   -5.561e-06,   -1.872e-06
    1543.195,   -5.969e-07,   -5.617e-07
    1545.312,    4.302e-06,    2.129e-06
    1547.429,    2.562e-06,    1.876e-07
    1549.546,   -4.667e-06,   -7.036e-07
    1551.663,   -3.589e-06,    8.261e-07
    1553.780,    5.855e-06,    1.003e-06
    1555.897,    6.500e-06,    2.427e-06
    1558.013,   -3.092e-06,    6.384e-06
    1560.130,   -6.403e-06,    6.056e-06
    1562.247,    1.393e-06,    1.334e-06
    1564.364,    3.442e-06,    2.091e-06
    1566.481,   -2.725e-06,    4.622e-06
    1568.598,   -5.934e-06,    1.637e-06
    1570.715,   -5.279e-06,   -5.381e-07
    1572.831,   -3.160e-06,   -4.232e-06
    1574.948,   -3.614e-06,   -7.662e-06
    1577.065,   -5.849e-06,   -1.377e-06
    1579.182,   -6.435e-06,    4.661e-06
    1581.299,   -7.159e-06,    6.398e-06
    1583.416,   -4.757e-06,    6.386e-06
    1585.533,    5.491e-06,    3.516e-06
    1587.650,    1.289e-05,    1.590e-06
    1589.766,    9.695e-06,    1.814e-06
    1591.883,    6.301e-06,    2.954e-06
    1594.000,    3.153e-06,    5.852e-06
    1596.117,   -5.189e-06,    7.607e-06
    1598.234,   -7.363e-06,    9.061e-07
    1600.351,   -8.980e-07,   -2.536e-06
    1602.468,    7.868e-07,    4.903e-06
    1604.584,   -1.190e-06,    4.608e-06
    1606.701,    7.555e-07,   -1.560e-06
    1608.818,    1.582e-06,    4.367e-07
    1610.935,    2.205e-07,    2.791e-06
    1613.052,    6.452e-07,    9.915e-07
    1615.169,    4.393e-06,    3.088e-06
    1617.286,    7.620e-06,    5.824e-06
    1619.403,    5.069e-06,    2.156e-06
    1621.519,    2.920e-06,   -2.742e-06
    1623.636,    2.122e-06,   -1.310e-06
    1625.753,   -1.800e-06,    2.924e-06
    1627.870,   -1.918e-06,    1.156e-06
    1629.987,    2.878e-06,   -1.629e-06
    1632.104,    4.205e-06,    2.802e-07
    1634.221,    6.730e-06,    2.352e-06
    1636.337,    5.690e-06,   -8.100e-07
    1638.454,   -5.376e-07,   -2.891e-06
    1640.571,   -8.722e-07,    7.995e-09
    1642.688,   -2.522e-06,    4.240e-07
    1644.805,   -4.836e-06,    8.964e-07
    1646.922,   -2.812e-06,   -6.728e-07
    1649.039,   -2.954e-07,   -3.015e-06
    1651.156,   -2.872e-06,    2.616e-06
    1653.272,   -7.280e-06,    5.051e-06
    1655.389,   -5.101e-06,    1.373e-07
    1657.506,   -2.012e-06,   -1.513e-06
    1659.623,   -8.033e-07,    1.232e-06
    1661.740,    3.176e-06,    1.521e-06
    1663.857,    3.926e-06,   -7.756e-07
    1665.974,   -2.570e-06,   -3.322e-07
    1668.090,   -6.034e-06,   -9.619e-07
    1670.207,   -2.556e-06,   -2.030e-06
    1672.324,    2.134e-06,    4.355e-06
    1674.441,    1.172e-06,    1.148e-05
    1676.558,   -7.076e-07,    6.202e-06
    1678.675,    3.552e-07,   -4.691e-06
    1680.792,   -6.914e-07,   -7.273e-06
    1682.909,    4.004e-07,   -3.321e-06
    1685.025,    3.611e-06,   -1.001e-07
    1687.142,    3.150e-06,   -2.456e-06
    1689.259,   -1.482e-07,   -5.987e-06
    1691.376,   -1.536e-06,   -1.615e-06
    1693.493,   -1.243e-07,    2.148e-06
    1695.610,    2.457e-06,   -1.005e-06
    1697.727,    2.614e-06,   -1.417e-06
    1699.843,    1.772e-06,    2.860e-06
    1701.960,    1.125e-06,    4.740e-06
    1704.077,   -1.418e-06,    3.027e-06
    1706.194,    8.669e-08,    3.687e-06
    1708.311,    1.580e-06,    5.104e-06
    1710.428,   -1.387e-06,    5.959e-06
    1712.545,   -3.483e-06,    7.225e-06
    1714.662,   -1.832e-06,    5.952e-06
    1716.778,    1.521e-06,    3.285e-06
    1718.895,    2.821e-06,   -9.754e-07
    1721.012,    4.004e-06,   -2.049e-06
    1723.129,    6.467e-06,   -3.841e-07
    1725.246,    3.347e-06,   -2.334e-06
    1727.363,   -5.213e-06,   -3.179e-06
    1729.480,   -5.115e-06,    1.246e-06
    1731.596,    1.421e-07,    4.067e-06
    1733.713,   -2.663e-07,   -7.232e-07
    1735.830,   -2.101e-06,   -6.175e-06
    1737.947,    2.934e-07,   -5.676e-06
    1740.064,    4.029e-06,   -4.737e-06
    1742.181,    3.596e-06,   -5.399e-06
    1744.298,    1.901e-06,   -2.704e-06
    1746.415,    2.575e-06,    2.454e-08
    1748.531,    4.194e-06,    2.183e-06
    1750.648,    2.285e-06,    1.140e-06
    1752.765,   -2.571e-06,   -4.033e-06
    1754.882,   -3.770e-06,   -4.043e-06
    1756.999,   -2.858e-06,   -5.081e-07
    1759.116,   -6.022e-06,   -2.279e-07
    1761.233,   -7.213e-06,   -3.115e-06
    1763.349,   -3.020e-06,   -3.207e-06
    1765.466,   -1.443e-06,   -2.348e-07
    1767.583,   -1.424e-06,    3.448e-06
    1769.700,   -2.579e-07,    4.894e-06
    1771.817,    1.793e-07,    8.148e-07
    1773.934,   -1.979e-06,   -2.968e-06
    1776.051,   -5.126e-06,   -5.543e-07
    1778.167,   -5.472e-06,    5.928e-06
    1780.284,   -5.238e-06,    7.402e-06
    1782.401,   -4.961e-06,    4.991e-06
    1784.518,   -1.114e-06,    3.317e-06
    1786.635,    2.490e-06,    1.737e-06
    1788.752,   -1.705e-06,    2.210e-06
    1790.869,   -5.903e-06,    1.084e-06
    1792.986,   -4.724e-06,    1.946e-06
    1795.102,   -3.592e-06,    4.661e-06
    1797.219,   -1.389e-06,    4.075e-06
    1799.336,   -1.392e-06,    3.994e-06
    1801.453,   -3.826e-06,    1.572e-06
    1803.570,    8.879e-07,   -8.124e-07
    1805.687,    4.902e-06,   -1.665e-06
    1807.804,    3.659e-07,   -3.845e-06
    1809.920,   -1.628e-06,   -4.257e-06
    1812.037,   -1.482e-06,   -1.939e-06
    1814.154,   -1.847e-06,    6.013e-07
    1816.271,    1.539e-06,    1.094e-06
    1818.388,    2.654e-06,    1.065e-06
    1820.505,    2.117e-06,   -2.086e-06
    1822.622,    3.716e-06,   -5.979e-06
    1824.739,    5.843e-06,   -1.633e-06
    1826.855,    3.909e-06,    4.515e-06
    1828.972,   -3.011e-06,    3.719e-06
    1831.089,   -1.791e-06,    1.500e-06
    1833.206,    4.753e-06,   -5.928e-07
    1835.323,    2.681e-06,   -3.048e-06
    1837.440,   -2.575e-06,   -1.269e-06
    1839.557,   -1.037e-06,    2.609e-06
    1841.673,    1.764e-06,    4.325e-06
    1843.790,   -5.792e-07,    1.349e-06
    1845.907,   -7.714e-07,   -3.460e-06
    1848.024,    3.068e-06,   -4.430e-06
    1850.141,    2.035e-06,   -1.029e-06
    1852.258,   -2.140e-07,    1.188e-06
    1854.375,    1.343e-06,   -1.952e-06
    1856.492,    1.252e-06,   -2.133e-06
    1858.608,    1.278e-06,    1.836e-06
    1860.725,    2.155e-06,    4.006e-07
    1862.842,    2.023e-06,   -4.193e-06
    1864.959,    2.092e-06,   -3.926e-06
    1867.076,    1.936e-07,    2.028e-07
    1869.193,    6.143e-07,    6.052e-07
    1871.310,    2.441e-06,   -3.077e-06
    1873.426,   -2.485e-06,   -4.010e-06
    1875.543,   -2.328e-06,   -5.947e-07
    1877.660,    6.936e-06,    1.466e-06
    1879.777,    7.753e-06,    7.915e-07
    1881.894,    1.777e-06,   -8.004e-07
    1884.011,    2.905e-06,   -3.960e-06
    1886.128,    4.496e-06,   -2.570e-06
    1888.245,   -4.687e-07,    3.720e-07
    1890.361,   -2.956e-06,   -1.205e-06
    1892.478,   -1.302e-06,   -1.077e-06
    1894.595,    6.302e-07,    1.980e-06
    1896.712,    3.169e-07,    5.536e-06
    1898.829,   -1.481e-06,    5.765e-06
    1900.946,    2.050e-06,    3.166e-06
    1903.063,    5.779e-06,    1.602e-06
    1905.179,    4.462e-06,   -2.888e-06
    1907.296,    3.879e-06,   -7.553e-06
    1909.413,    1.470e-06,   -4.477e-06
    1911.530,   -2.262e-06,    2.013e-06
    1913.647,   -4.949e-07,    5.751e-06
    1915.764,    3.092e-06,    2.493e-06
    1917.881,    3.593e-06,   -4.234e-06
    1919.998,    2.670e-06,   -3.581e-06
    1922.114,    1.755e-06,    4.216e-07
    1924.231,    3.384e-07,    2.004e-06
    1926.348,   -5.840e-07,    2.913e-06
    1928.465,    3.188e-07,    2.821e-06
    1930.582,    2.617e-06,    1.866e-06
    1932.699,    1.729e-06,    9.052e-08
    1934.816,    5.994e-07,   -6.134e-07
    1936.932,    3.369e-06,    1.593e-06
    1939.049,    3.683e-06,    3.369e-06
    1941.166,    2.908e-06,    3.263e-06
    1943.283,    4.007e-06,    3.344e-07
    1945.400,    5.353e-06,   -2.004e-06
    1947.517,    6.479e-06,    3.581e-06
    1949.634,    5.065e-06,    6.700e-06
    1951.751,    1.063e-06,    1.083e-06
    1953.867,   -1.296e-06,   -2.365e-06
    1955.984,   -3.431e-07,   -2.696e-06
    1958.101,   -4.147e-08,   -2.934e-06
    1960.218,    1.118e-06,   -1.930e-06
    1962.335,    2.244e-06,   -7.043e-07
    1964.452,   -1.925e-07,   -7.951e-07
    1966.569,   -1.023e-06,   -6.609e-07
    1968.685,   -7.933e-07,    1.212e-06
    1970.802,   -1.970e-06,    2.016e-06
    1972.919,   -1.000e-06,   -5.104e-07
    1975.036,    2.568e-06,   -3.300e-06
    1977.153,    2.611e-06,   -2.982e-06
    1979.270,   -6.534e-07,   -2.131e-06
    1981.387,   -1.565e-06,   -5.595e-07
    1983.504,    1.759e-07,    2.612e-06
    1985.620,    2.291e-06,    2.869e-06
    1987.737,    9.943e-07,    3.528e-08
    1989.854,    1.142e-06,   -2.213e-06
    1991.971,    5.879e-06,   -5.126e-06
    1994.088,    7.195e-06,   -5.906e-06
    1996.205,    5.047e-06,   -5.487e-07
    1998.322,    2.361e-06,    3.446e-06
    2000.438,   -2.702e-06,    3.510e-06
    2002.555,   -5.903e-06,    3.257e-06
    2004.672,   -3.897e-06,    1.842e-06
    2006.789,   -1.909e-06,    1.456e-07
    2008.906,   -1.228e-06,    2.165e-08
    2011.023,   -1.279e-07,   -2.510e-06
    2013.140,    6.131e-07,   -5.442e-06
    2015.256,    1.248e-06,   -3.436e-06
    2017.373,    2.101e-07,   -1.489e-06
    2019.490,   -2.114e-06,    5.370e-07
    2021.607,   -1.814e-06,    1.852e-06
    2023.724,   -6.458e-07,   -2.048e-06
    2025.841,   -1.468e-07,   -3.972e-06
    2027.958,   -6.426e-07,   -1.835e-06
    2030.075,   -2.568e-06,   -5.313e-07
    2032.191,   -1.578e-06,    6.113e-07
    2034.308,   -7.001e-07,   -2.361e-07
    2036.425,   -3.190e-06,   -3.581e-06
    2038.542,   -2.279e-06,   -3.451e-06
    2040.659,    1.038e-06,   -1.130e-06
    2042.776,   -6.026e-07,   -1.847e-07
    2044.893,   -4.163e-06,   -7.583e-08
    2047.009,   -4.209e-06,    2.942e-07
    2049.126,   -1.475e-06,    1.337e-06
    2051.243,    9.501e-07,    1.088e-06
    2053.360,   -1.362e-06,    2.362e-07
    2055.477,   -2.760e-06,    6.151e-07
    2057.594,    1.291e-06,    1.004e-06
    2059.711,    9.848e-07,   -9.257e-07
    2061.828,   -5.096e-07,   -1.862e-06
    2063.944,    2.405e-06,   -5.053e-08
    2066.061,    3.060e-06,    1.882e-06
    2068.178,    1.421e-06,    2.322e-06
    2070.295,   -6.436e-07,   -1.151e-06
    2072.412,   -2.774e-06,   -5.318e-06
    2074.529,   -3.667e-06,   -5.249e-06
    2076.646,   -3.966e-06,   -3.292e-06
    2078.762,   -3.432e-06,   -3.397e-07
    2080.879,   -3.677e-06,    3.888e-06
    2082.996,   -4.698e-06,    5.498e-06
    2085.113,   -3.172e-06,    3.387e-06
    2087.230,    4.992e-07,   -1.884e-07
    2089.347,    4.699e-06,   -1.604e-06
    2091.464,    2.159e-06,   -2.561e-06
    2093.581,   -5.347e-06,   -1.804e-06
    2095.697,   -4.538e-06,    4.953e-06
    2097.814,    9.332e-07,    6.701e-06
    2099.931,    2.802e-06,    1.263e-06
    2102.048,    1.432e-06,   -4.964e-07
    2104.165,   -2.398e-08,    7.424e-07
    2106.282,   -2.511e-07,    5.446e-07
    2108.399,   -8.362e-07,   -1.070e-06
    2110.515,   -3.502e-06,   -2.856e-06
    2112.632,   -4.901e-06,   -3.960e-06
    2114.749,   -1.082e-06,   -2.818e-06
    2116.866,    1.703e-06,    2.108e-06
    2118.983,    1.823e-06,    4.966e-06
    2121.100,    1.957e-06,    1.361e-06
    2123.217,   -6.994e-07,   -1.119e-06
    2125.334,   -3.252e-06,    1.619e-06
    2127.450,   -9.537e-07,    2.904e-06
    2129.567,    1.353e-06,    3.169e-07
    2131.684,    6.045e-09,   -1.991e-06
    2133.801,   -2.108e-06,   -3.814e-06
    2135.918,   -3.934e-06,   -4.439e-06
    2138.035,   -4.619e-06,   -3.447e-06
    2140.152,   -2.355e-06,   -1.886e-06
    2142.268,    8.722e-07,    5.060e-07
    2144.385,    2.640e-06,    2.672e-06
    2146.502,    2.400e-06,    3.620e-06
    2148.619,    1.279e-07,    2.494e-06
    2150.736,   -1.903e-06,    1.437e-06
    2152.853,   -1.332e-06,    2.207e-06
    2154.970,   -1.197e-07,    2.470e-06
    2157.087,    1.517e-07,    2.897e-06
    2159.203,    2.857e-07,    1.791e-06
    2161.320,   -2.749e-07,   -3.123e-07
    2163.437,    9.566e-07,    1.245e-06
    2165.554,    3.897e-06,    2.199e-06
    2167.671,    4.511e-06,    3.452e-07
    2169.788,    1.716e-06,    2.612e-07
    2171.905,   -2.143e-06,    2.162e-06
    2174.021,   -2.268e-06,    1.957e-06
    2176.138,   -9.326e-09,    2.525e-07
    2178.255,    8.756e-07,    1.010e-07
    2180.372,    1.625e-06,    3.225e-06
    2182.489,    3.177e-06,    5.822e-06
    2184.606,    2.214e-06,    3.058e-06
    2186.723,   -2.115e-06,   -6.106e-08
    2188.840,   -2.009e-06,   -4.518e-08
    2190.956,    1.894e-06,    1.853e-07
    2193.073,    2.355e-06,    1.413e-06
    2195.190,    1.437e-06,    3.030e-06
    2197.307,    8.572e-07,    5.298e-07
    2199.424,    1.248e-06,   -2.480e-06
    2201.541,    2.328e-06,   -3.301e-06
    2203.658,    2.255e-06,   -2.913e-06
    2205.774,    2.997e-06,   -2.636e-07
    2207.891,    2.602e-06,    1.374e-06
    2210.008,    3.789e-07,    1.060e-06
    2212.125,    1.244e-06,    1.733e-06
    2214.242,    3.132e-06,    3.286e-07
    2216.359,    1.496e-06,   -3.237e-06
    2218.476,    1.056e-06,   -3.598e-06
    2220.593,    3.010e-06,   -1.812e-06
    2222.709,    2.076e-06,    3.247e-07
    2224.826,    4.725e-07,    1.487e-06
    2226.943,   -9.133e-08,    9.367e-07
    2229.060,   -7.648e-07,    4.639e-07
    2231.177,   -9.018e-07,    1.467e-07
    2233.294,    6.095e-07,    2.084e-07
    2235.411,    3.282e-06,    4.021e-08
    2237.527,    4.722e-06,   -1.331e-06
    2239.644,    6.017e-06,   -2.786e-06
    2241.761,    5.732e-06,   -3.610e-06
    2243.878,    1.586e-06,   -2.201e-06
    2245.995,   -1.149e-07,    5.630e-07
    2248.112,    2.145e-06,    1.638e-06
    2250.229,    2.646e-06,    9.386e-07
    2252.345,    2.143e-06,   -2.321e-07
    2254.462,    1.116e-06,    4.832e-07
    2256.579,   -2.131e-06,    2.635e-06
    2258.696,   -2.966e-06,    3.026e-06
    2260.813,   -1.223e-06,    6.792e-07
    2262.930,   -9.012e-07,   -1.817e-06
    2265.047,    5.974e-07,   -6.374e-07
    2267.164,    2.042e-06,    1.161e-06
    2269.280,    5.480e-08,    5.012e-07
    2271.397,   -1.606e-06,   -8.208e-08
    2273.514,   -1.657e-06,   -7.403e-07
    2275.631,   -1.155e-06,   -2.257e-06
    2277.748,    5.449e-07,   -2.967e-06
    2279.865,    5.321e-07,    5.975e-07
    2281.982,   -2.792e-06,    2.751e-06
    2284.098,   -5.356e-06,   -1.159e-06
    2286.215,   -2.904e-06,   -4.144e-06
    2288.332,   -3.413e-07,   -3.626e-06
    2290.449,   -1.035e-06,   -4.536e-07
    2292.566,   -2.017e-06,    1.667e-06
    2294.683,   -2.058e-06,    1.861e-06
    2296.800,   -1.029e-07,    2.342e-06
    2298.917,    5.513e-09,   -9.624e-08
    2301.033,   -1.843e-06,   -2.653e-06
    2303.150,   -1.420e-06,   -2.887e-06
    2305.267,   -3.493e-07,   -2.028e-06
    2307.384,   -3.354e-07,    1.151e-06
    2309.501,    3.790e-07,    2.986e-06
    2311.618,   -5.445e-07,    1.961e-06
    2313.735,   -1.328e-06,    2.860e-07
    2315.851,    2.398e-06,   -3.177e-06
    2317.968,    2.236e-06,   -4.240e-06
    2320.085,   -1.540e-06,   -2.193e-06
    2322.202,   -4.901e-07,   -1.302e-06
    2324.319,    2.516e-06,    1.218e-06
    2326.436,    3.970e-06,    1.981e-06
    2328.553,    3.338e-06,    7.860e-07
    2330.670,    1.363e-06,    1.435e-06
    2332.786,    2.846e-07,    2.658e-07
    2334.903,   -2.234e-06,    1.794e-07
    2337.020,   -4.252e-06,    3.008e-06
    2339.137,   -3.121e-06,    4.794e-06
    2341.254,   -3.050e-06,    3.218e-06
    2343.371,   -2.311e-06,   -6.904e-07
    2345.488,   -2.008e-06,   -3.572e-06
    2347.604,   -2.498e-06,   -4.351e-06
    2349.721,   -3.115e-06,   -2.876e-06
    2351.838,   -5.185e-06,   -2.207e-06
    2353.955,   -4.547e-06,   -2.461e-06
    2356.072,   -2.519e-06,   -1.821e-07
    2358.189,   -2.006e-06,    2.225e-06
    2360.306,   -2.849e-06,    1.749e-06
    2362.423,   -2.856e-06,    1.225e-06
    2364.539,   -1.461e-06,    1.428e-06
    2366.656,   -9.070e-07,    2.195e-07
    2368.773,   -2.220e-06,   -7.295e-07
    2370.890,   -2.729e-06,    1.943e-07
    2373.007,   -9.464e-07,    8.802e-07
    2375.124,   -4.470e-07,   -1.375e-06
    2377.241,   -7.132e-07,   -1.660e-06
    2379.357,    4.315e-07,   -1.393e-06
    2381.474,    6.565e-07,   -4.462e-06
    2383.591,    3.820e-07,   -2.874e-06
    2385.708,    2.311e-06,    1.234e-06
    2387.825,    2.563e-06,   -5.298e-08
    2389.942,    2.994e-07,   -1.555e-06
    2392.059,   -1.207e-06,    1.085e-06
    2394.176,   -2.940e-06,    2.015e-06
    2396.292,   -3.368e-06,    2.223e-06
    2398.409,   -1.253e-06,    4.800e-06
    2400.526,   -1.028e-06,    3.314e-06
    2402.643,   -3.523e-06,   -1.790e-06
    2404.760,   -2.699e-06,   -3.384e-06
    2406.877,    1.501e-06,   -1.742e-06
    2408.994,    2.825e-06,    6.171e-08
    2411.110,   -9.557e-07,    5.773e-07
    2413.227,   -3.279e-06,    1.483e-08
    2415.344,    3.219e-07,   -3.778e-07
    2417.461,    3.002e-06,   -2.180e-06
    2419.578,    3.438e-06,   -2.823e-06
    2421.695,    4.615e-06,   -4.221e-08
    2423.812,    3.046e-06,    1.173e-06
    2425.929,    1.828e-06,    9.685e-07
    2428.045,    3.464e-06,    1.544e-06
    2430.162,    2.670e-06,    9.907e-07
    2432.279,    3.881e-07,   -1.518e-06
    2434.396,    2.325e-07,   -1.987e-06
    2436.513,    3.238e-06,    1.691e-06
    2438.630,    6.227e-06,    4.386e-06
    2440.747,    5.160e-06,    2.947e-06
    2442.863,    3.145e-06,    5.396e-07
    2444.980,    3.634e-06,    8.009e-07
    2447.097,    4.362e-06,    7.710e-07
    2449.214,    3.478e-06,   -1.143e-06
    2451.331,    1.172e-06,   -2.482e-06
    2453.448,   -2.764e-07,   -3.289e-06
    2455.565,   -6.723e-07,   -1.048e-06
    2457.682,   -5.040e-07,    1.944e-06
    2459.798,   -1.121e-06,   -7.634e-07
    2461.915,   -3.979e-06,   -3.012e-06
    2464.032,   -2.495e-06,   -1.591e-06
    2466.149,    5.207e-07,   -1.421e-06
    2468.266,    2.935e-07,   -1.244e-06
    2470.383,    9.142e-07,   -9.515e-07
    2472.500,    1.442e-06,   -2.303e-07
    2474.616,    1.140e-06,    1.257e-06
    2476.733,    1.598e-06,   -6.678e-07
    2478.850,    1.907e-06,   -2.612e-06
    2480.967,   -4.480e-07,   -1.654e-06
    2483.084,   -3.203e-06,   -1.401e-06
    2485.201,   -3.426e-06,   -1.915e-07
    2487.318,   -3.023e-06,    2.247e-06
    2489.434,   -1.224e-06,    3.249e-06
    2491.551,    1.620e-07,    3.371e-06
    2493.668,   -2.626e-06,    2.439e-06
    2495.785,   -4.328e-06,   -7.356e-07
    2497.902,   -2.400e-06,   -1.914e-06
    2500.019,   -1.444e-06,    1.346e-06
    2502.136,   -1.404e-06,    4.244e-06
    2504.253,   -1.508e-06,    5.293e-06
    2506.369,   -5.356e-07,    5.074e-06
    2508.486,    1.147e-06,    2.871e-06
    2510.603,    2.187e-07,    2.229e-06
    2512.720,   -6.998e-07,    3.927e-06
    2514.837,   -1.344e-06,    4.559e-06
    2516.954,   -1.327e-06,    3.084e-06
    2519.071,    2.221e-07,    2.020e-08
    2521.187,   -4.096e-07,   -1.233e-06
    2523.304,   -1.017e-06,    2.230e-07
    2525.421,    6.666e-08,    8.209e-07
    2527.538,   -7.024e-07,   -2.040e-07
    2529.655,   -2.368e-06,   -1.025e-06
    2531.772,   -3.712e-06,   -8.602e-07
    2533.889,   -3.553e-06,   -1.189e-06
    2536.006,   -7.589e-07,   -2.003e-06
    2538.122,    3.545e-07,   -1.761e-06
    2540.239,   -1.818e-07,   -1.574e-06
    2542.356,    5.995e-07,   -6.588e-07
    2544.473,    3.462e-06,    9.626e-07
    2546.590,    4.107e-06,    1.296e-06
    2548.707,   -4.250e-07,    1.814e-06
    2550.824,   -2.938e-06,    3.491e-06
    2552.940,   -1.196e-06,    3.931e-06
    2555.057,   -1.199e-07,    2.555e-06
    2557.174,    2.833e-07,    6.039e-07
    2559.291,   -3.409e-08,   -2.603e-06
    2561.408,   -8.218e-07,   -4.168e-06
    2563.525,    7.325e-07,   -1.318e-06
    2565.642,    1.065e-07,    1.549e-06
    2567.759,   -2.928e-06,    9.429e-07
    2569.875,   -2.676e-06,   -1.131e-06
    2571.992,   -8.959e-07,   -1.445e-06
    2574.109,    2.146e-06,   -1.571e-06
    2576.226,    5.097e-06,   -3.171e-06
    2578.343,    3.864e-06,   -3.874e-06
    2580.460,    4.095e-07,   -3.371e-06
    2582.577,   -2.507e-06,   -7.789e-07
    2584.693,   -2.484e-06,   -5.626e-07
    2586.810,   -1.083e-06,   -1.508e-06
    2588.927,    1.627e-06,    3.826e-06
    2591.044,    5.471e-06,    5.100e-06
    2593.161,    6.360e-06,   -4.950e-07
    2595.278,    6.393e-06,   -3.319e-06
    2597.395,    9.771e-07,   -7.440e-07
    2599.512,   -1.611e-05,    1.256e-06
    2601.628,   -2.295e-05,   -3.752e-06
    2603.745,   -9.072e-06,   -7.054e-06
    2605.862,    3.486e-06,   -4.183e-06
    2607.979,    7.919e-06,   -1.588e-06
    2610.096,    9.408e-06,   -2.126e-06
    2612.213,    3.876e-06,   -8.647e-06
    2614.330,   -5.064e-06,   -1.315e-05
    2616.446,   -3.117e-06,   -6.437e-06
    2618.563,    3.932e-06,    8.058e-07
    2620.680,    4.454e-06,    4.990e-06
    2622.797,    7.636e-07,    4.698e-06
    2624.914,   -2.773e-06,   -3.062e-06
    2627.031,   -5.083e-06,   -5.442e-06
    2629.148,   -5.111e-06,   -2.480e-06
    2631.265,   -2.900e-06,   -6.765e-07
    2633.381,   -2.962e-06,    2.181e-06
    2635.498,   -4.060e-06,   -2.352e-07
    2637.615,   -2.801e-06,   -4.752e-06
    2639.732,   -1.417e-06,   -4.539e-06
    2641.849,   -7.470e-07,   -3.393e-06
    2643.966,    1.507e-06,   -8.206e-07
    2646.083,    3.615e-06,    1.168e-06
    2648.199,    2.816e-06,    8.398e-07
    2650.316,    1.865e-06,    3.101e-07
    2652.433,    2.783e-06,    7.934e-07
    2654.550,    3.137e-06,   -1.267e-06
    2656.667,    1.106e-06,   -3.066e-06
    2658.784,   -1.728e-06,   -1.887e-06
    2660.901,   -3.686e-06,   -2.510e-06
    2663.018,   -3.498e-06,   -1.813e-06
    2665.134,   -1.235e-06,    3.065e-07
    2667.251,    2.968e-08,    1.766e-06
    2669.368,   -9.848e-07,    1.228e-06
    2671.485,   -1.642e-06,   -1.705e-06
    2673.602,   -1.898e-06,   -1.653e-06
    2675.719,   -2.639e-06,   -2.631e-07
    2677.836,   -1.948e-06,   -1.557e-06
    2679.952,   -5.320e-07,   -1.296e-06
    2682.069,    6.736e-07,    2.794e-08
    2684.186,    2.059e-06,    6.668e-07
    2686.303,    2.097e-06,    1.640e-06
    2688.420,    8.474e-07,    1.818e-06
    2690.537,   -7.352e-07,    2.375e-06
    2692.654,   -1.233e-06,    2.486e-06
    2694.771,    9.051e-07,    2.857e-06
    2696.887,    5.814e-07,    2.544e-06
    2699.004,   -2.222e-06,   -2.720e-07
    2701.121,   -1.743e-06,   -1.173e-06
    2703.238,   -8.336e-08,    1.410e-06
    2705.355,   -1.145e-06,    2.266e-06
    2707.472,   -2.151e-06,   -3.506e-07
    2709.589,   -1.166e-06,   -1.906e-07
    2711.705,   -6.376e-07,    1.516e-06
    2713.822,   -9.900e-07,    1.072e-06
    2715.939,   -1.742e-06,    4.399e-08
    2718.056,   -1.930e-06,   -5.878e-07
    2720.173,   -1.976e-06,   -1.105e-06
    2722.290,   -3.427e-06,   -2.099e-06
    2724.407,   -2.404e-06,   -1.577e-06
    2726.523,    1.749e-06,   -1.314e-06
    2728.640,    2.959e-06,   -2.502e-06
    2730.757,    1.287e-06,   -1.854e-06
    2732.874,   -3.945e-07,   -7.994e-07
    2734.991,   -2.328e-06,   -2.747e-07
    2737.108,   -2.966e-06,    6.506e-07
    2739.225,   -2.575e-06,    5.677e-07
    2741.342,   -2.547e-06,    2.615e-07
    2743.458,   -1.105e-06,    5.395e-07
    2745.575,    3.797e-07,    1.710e-06
    2747.692,    8.671e-07,    6.791e-07
    2749.809,    2.893e-06,   -3.143e-06
    2751.926,    3.522e-06,   -2.938e-06
    2754.043,    1.423e-06,   -2.658e-07
    2756.160,    3.069e-07,   -9.525e-08
    2758.276,   -1.026e-06,   -1.869e-06
    2760.393,   -1.472e-06,   -3.375e-06
    2762.510,    1.397e-06,   -2.802e-06
    2764.627,    2.692e-06,   -7.071e-08
    2766.744,    3.992e-07,    1.253e-06
    2768.861,   -1.128e-06,   -5.042e-07
    2770.978,    5.069e-07,   -6.075e-07
    2773.095,    2.736e-06,    4.401e-07
    2775.211,    2.397e-06,   -1.533e-06
    2777.328,    7.099e-07,   -3.553e-06
    2779.445,   -2.761e-07,   -2.007e-06
    2781.562,   -5.809e-07,   -1.594e-06
    2783.679,   -9.352e-07,   -2.683e-06
    2785.796,   -1.108e-07,   -1.741e-06
    2787.913,    1.398e-06,   -2.010e-06
    2790.029,    5.187e-07,   -1.437e-06
    2792.146,   -3.262e-07,    1.002e-06
    2794.263,    7.264e-07,   -3.099e-07
    2796.380,    9.012e-07,   -9.217e-07
    2798.497,   -4.243e-07,    1.064e-06
    2800.614,   -1.161e-06,    7.541e-07
    2802.731,   -7.082e-07,    5.867e-07
    2804.848,   -2.932e-07,   -8.153e-08
    2806.964,    5.892e-07,   -1.123e-06
    2809.081,    1.765e-06,   -6.494e-08
    2811.198,    8.780e-07,   -9.066e-07
    2813.315,   -5.199e-07,   -2.052e-06
    2815.432,   -8.399e-08,   -6.456e-07
    2817.549,    8.529e-07,   -3.084e-08
    2819.666,    8.905e-07,   -1.954e-07
    2821.782,    6.108e-07,    9.588e-08
    2823.899,    1.704e-06,   -2.584e-07
    2826.016,    2.184e-06,   -7.576e-07
    2828.133,    6.326e-07,   -2.587e-07
    2830.250,   -7.420e-07,    4.686e-07
    2832.367,   -6.995e-08,    9.097e-07
    2834.484,    9.983e-07,    6.186e-07
    2836.601,   -5.033e-07,    2.229e-07
    2838.717,   -1.016e-06,    2.117e-06
    2840.834,    2.409e-07,    3.337e-06
    2842.951,   -6.964e-07,    1.392e-06
    2845.068,   -1.207e-06,   -8.364e-07
    2847.185,   -2.693e-07,   -2.332e-06
    2849.302,    2.223e-07,   -2.717e-06
    2851.419,    6.821e-07,   -1.483e-06
    2853.535,   -1.022e-06,    3.702e-07
    2855.652,   -3.432e-06,    3.861e-07
    2857.769,   -2.285e-06,   -8.203e-07
    2859.886,    6.704e-07,   -9.651e-07
    2862.003,    9.659e-07,   -4.721e-08
    2864.120,   -1.126e-06,    1.627e-06
    2866.237,   -5.814e-07,    2.023e-06
    2868.354,    1.293e-06,    1.363e-07
    2870.470,    1.445e-06,   -1.034e-06
    2872.587,    1.563e-06,   -3.117e-07
    2874.704,    1.293e-06,    1.375e-07
    2876.821,   -1.873e-07,   -3.095e-07
    2878.938,   -1.156e-06,    2.281e-07
    2881.055,   -1.726e-06,    1.510e-06
    2883.172,   -2.927e-06,    9.516e-07
    2885.288,   -2.527e-06,   -9.915e-08
    2887.405,   -8.905e-07,    5.691e-08
    2889.522,    5.359e-07,   -2.156e-07
    2891.639,    1.365e-06,   -7.827e-07
    2893.756,   -1.326e-07,   -7.447e-07
    2895.873,   -5.973e-07,   -3.033e-07
    2897.990,    1.673e-06,    7.613e-08
    2900.107,    2.419e-06,    2.991e-08
    2902.223,    1.455e-06,    1.832e-07
    2904.340,   -5.912e-08,    2.631e-09
    2906.457,   -2.883e-07,   -6.088e-07
    2908.574,    2.908e-07,   -9.450e-07
    2910.691,   -1.254e-07,   -5.313e-07
    2912.808,   -2.457e-07,    1.170e-06
    2914.925,   -1.106e-06,    1.713e-06
    2917.041,   -1.092e-06,    2.040e-06
    2919.158,    1.485e-06,    3.070e-06
    2921.275,    2.115e-06,    1.357e-06
    2923.392,    5.657e-07,   -2.559e-07
    2925.509,    2.024e-08,    4.787e-07
    2927.626,    3.749e-07,    1.654e-07
    2929.743,    8.905e-07,   -9.879e-07
    2931.859,    3.073e-08,   -1.364e-06
    2933.976,   -8.739e-07,   -2.291e-06
    2936.093,    5.377e-07,   -2.369e-06
    2938.210,    2.225e-06,   -3.471e-07
    2940.327,    1.882e-06,    7.937e-08
    2942.444,    1.027e-06,   -1.597e-06
    2944.561,    7.684e-07,   -1.257e-06
    2946.678,    5.655e-07,    6.059e-07
    2948.794,    5.470e-07,    4.243e-08
    2950.911,    6.674e-08,   -1.042e-06
    2953.028,   -1.306e-07,   -3.798e-07
    2955.145,    4.049e-07,    9.670e-08
    2957.262,    6.198e-07,    2.113e-07
    2959.379,    6.754e-07,    7.942e-07
    2961.496,    7.104e-07,    7.997e-07
    2963.612,    4.039e-07,   -8.451e-08
    2965.729,    2.031e-07,    3.668e-07
    2967.846,    8.773e-07,    2.184e-06
    2969.963,    1.381e-06,    2.673e-06
    2972.080,    6.522e-07,    1.177e-06
    2974.197,   -2.570e-07,   -4.235e-07
    2976.314,    2.446e-07,   -9.038e-07
    2978.431,    9.311e-07,   -8.637e-07
    2980.547,    1.186e-08,   -1.584e-06
    2982.664,   -7.492e-07,   -2.052e-06
    2984.781,   -4.959e-07,   -7.039e-07
    2986.898,   -6.799e-09,    7.142e-08
    2989.015,    1.549e-06,    3.500e-08
    2991.132,    2.541e-06,    5.424e-07
    2993.249,    1.480e-06,   -8.186e-07
    2995.365,   -3.570e-07,   -3.276e-06
    2997.482,   -3.281e-07,   -3.103e-06
    2999.599,    1.849e-06,   -1.393e-06
    3001.716,    2.142e-06,   -3.513e-07
    3003.833,    9.687e-07,    5.377e-07
    3005.950,    2.237e-07,    8.364e-07
    3008.067,    1.199e-06,    1.587e-07
    3010.184,    2.271e-06,    2.343e-07
    3012.300,    9.479e-07,    1.067e-06
    3014.417,    3.774e-07,    1.041e-06
    3016.534,    6.096e-07,    1.093e-06
    3018.651,    3.954e-07,    7.965e-07
    3020.768,    5.934e-07,   -9.582e-07
    3022.885,   -3.109e-07,   -1.512e-06
    3025.002,   -1.131e-06,   -1.728e-07
    3027.118,    5.219e-07,    8.360e-07
    3029.235,    1.174e-06,    1.351e-06
    3031.352,   -3.800e-08,    1.781e-06
    3033.469,   -1.165e-06,    1.595e-06
    3035.586,   -2.251e-06,    1.004e-06
    3037.703,   -2.096e-06,    7.047e-07
    3039.820,   -1.183e-06,    8.217e-07
    3041.937,   -1.617e-06,    2.804e-07
    3044.053,   -3.198e-06,    3.038e-09
    3046.170,   -2.399e-06,    4.761e-07
    3048.287,   -4.701e-07,   -6.120e-07
    3050.404,   -4.749e-07,   -2.022e-06
    3052.521,   -8.428e-07,   -2.406e-06
    3054.638,   -1.327e-06,   -2.336e-06
    3056.755,   -9.646e-07,   -1.528e-06
    3058.871,    7.400e-07,   -1.190e-07
    3060.988,    1.844e-06,    1.017e-06
    3063.105,    6.509e-07,    1.254e-06
    3065.222,   -1.022e-06,    6.725e-07
    3067.339,   -1.490e-06,   -6.492e-09
    3069.456,   -1.090e-06,   -1.147e-06
    3071.573,    2.430e-07,   -2.992e-06
    3073.690,    2.697e-07,   -2.703e-06
    3075.806,    1.077e-07,   -4.612e-07
    3077.923,    1.512e-06,    9.292e-07
    3080.040,    1.312e-06,    1.268e-06
    3082.157,    1.124e-07,    1.865e-06
    3084.274,   -2.869e-07,    1.642e-06
    3086.391,   -7.133e-07,    4.528e-07
    3088.508,    4.402e-07,   -6.000e-08
    3090.624,    2.117e-06,   -3.039e-07
    3092.741,    1.757e-06,    3.554e-07
    3094.858,    1.211e-06,    1.410e-06
    3096.975,    2.116e-06,    2.018e-06
    3099.092,    2.488e-06,    1.763e-06
    3101.209,    1.109e-06,    4.674e-07
    3103.326,    9.627e-08,    4.148e-07
    3105.443,    8.547e-07,    6.996e-07
    3107.559,    1.597e-06,   -1.066e-07
    3109.676,    1.798e-06,   -7.359e-07
    3111.793,    9.628e-07,   -4.324e-07
    3113.910,   -1.539e-06,    3.172e-07
    3116.027,   -2.792e-06,   -4.607e-08
    3118.144,   -1.956e-06,   -7.865e-07
    3120.261,   -1.651e-07,   -8.434e-07
    3122.377,    1.914e-06,    9.254e-08
    3124.494,    2.455e-06,    1.944e-06
    3126.611,    1.279e-07,    3.170e-06
    3128.728,   -1.213e-06,    2.333e-06
    3130.845,    3.312e-07,    1.017e-07
    3132.962,    8.456e-07,   -1.516e-07
    3135.079,    1.861e-06,    1.105e-06
    3137.196,    3.111e-06,    1.420e-06
    3139.312,    1.265e-06,    6.303e-07
    3141.429,   -2.643e-07,   -4.501e-07
    3143.546,   -3.114e-07,   -2.267e-07
    3145.663,   -2.649e-07,    5.007e-08
    3147.780,   -4.962e-07,    6.156e-07
    3149.897,   -1.339e-06,    2.521e-06
    3152.014,    4.196e-08,    2.111e-06
    3154.130,    2.958e-06,   -7.448e-08
    3156.247,    3.341e-06,   -3.095e-07
    3158.364,    1.727e-06,   -1.481e-06
    3160.481,    1.198e-06,   -2.563e-06
    3162.598,    9.909e-07,   -9.989e-07
    3164.715,   -1.803e-06,    2.572e-07
    3166.832,   -3.183e-06,    1.355e-06
    3168.948,   -1.151e-06,    1.848e-06
    3171.065,   -5.491e-07,    1.051e-06
    3173.182,   -1.475e-06,    2.454e-07
    3175.299,   -1.073e-06,   -5.831e-07
    3177.416,   -2.477e-07,   -1.576e-06
    3179.533,   -5.438e-07,   -1.741e-06
    3181.650,   -2.700e-07,    3.291e-09
    3183.767,    1.193e-06,    9.346e-07
    3185.883,    2.155e-06,   -4.950e-08
    3188.000,    1.354e-06,   -8.689e-07
    3190.117,    8.868e-07,   -1.908e-06
    3192.234,    1.001e-06,   -2.053e-06
    3194.351,    2.389e-07,   -8.752e-07
    3196.468,   -3.899e-07,   -7.422e-07
    3198.585,   -3.645e-07,   -1.603e-06
    3200.701,    2.566e-07,   -5.334e-07
    3202.818,    7.486e-08,    1.522e-06
    3204.935,   -3.947e-07,    1.375e-06
    3207.052,   -1.915e-07,   -2.169e-07
    3209.169,    3.810e-07,   -1.378e-06
    3211.286,    6.209e-07,   -9.707e-07
    3213.403,   -2.087e-07,   -1.420e-07
    3215.520,    2.490e-08,   -6.129e-07
    3217.636,    5.099e-07,   -5.398e-08
    3219.753,   -1.504e-06,    1.464e-06
    3221.870,   -2.039e-06,    9.900e-07
    3223.987,   -5.570e-07,    8.844e-07
    3226.104,   -8.508e-07,    2.241e-06
    3228.221,   -1.700e-06,    2.283e-06
    3230.338,   -4.887e-07,    7.426e-07
    3232.454,    1.931e-06,    4.762e-07
    3234.571,    2.523e-06,    9.234e-07
    3236.688,    1.394e-06,   -3.277e-07
    3238.805,    9.451e-07,   -9.929e-08
    3240.922,    7.218e-07,    1.766e-06
    3243.039,   -7.718e-08,    1.166e-06
    3245.156,    9.543e-07,   -3.049e-07
    3247.273,    2.550e-06,   -1.292e-07
    3249.389,    2.669e-06,    2.442e-07
    3251.506,    1.609e-06,    3.018e-07
    3253.623,    6.058e-07,    5.415e-09
    3255.740,    8.074e-07,   -3.975e-07
    3257.857,    4.935e-07,   -1.977e-07
    3259.974,   -6.319e-08,   -3.395e-07
    3262.091,   -6.431e-07,   -6.199e-07
    3264.207,   -1.681e-06,   -5.530e-09
    3266.324,   -1.806e-06,    1.494e-06
    3268.441,   -6.495e-07,    2.020e-06
    3270.558,    2.616e-07,    1.614e-06
    3272.675,    1.971e-07,    1.403e-06
    3274.792,    4.529e-07,    3.745e-07
    3276.909,    8.399e-07,   -8.776e-07
    3279.026,    1.397e-06,   -1.701e-06
    3281.142,    1.510e-06,   -1.109e-06
    3283.259,    6.034e-07,    8.997e-07
    3285.376,    3.994e-07,    2.327e-06
    3287.493,    6.483e-07,    2.158e-06
    3289.610,    1.496e-06,    1.136e-06
    3291.727,    2.172e-06,    1.147e-07
    3293.844,    1.314e-06,   -5.790e-07
    3295.960,   -8.707e-08,   -4.524e-07
    3298.077,   -8.351e-07,   -4.910e-08
    3300.194,   -2.593e-07,   -4.208e-07
    3302.311,    6.958e-07,   -9.036e-07
    3304.428,    1.444e-07,   -2.557e-07
    3306.545,   -1.255e-06,   -3.222e-07
    3308.662,   -4.957e-07,   -6.979e-07
    3310.779,    6.441e-07,    1.538e-07
    3312.895,    1.774e-07,   -2.604e-07
    3315.012,   -2.041e-07,   -1.806e-06
    3317.129,   -9.198e-07,   -1.701e-06
    3319.246,   -1.780e-06,   -6.027e-08
    3321.363,   -1.411e-06,    8.589e-07
    3323.480,   -4.677e-07,   -1.825e-07
    3325.597,   -3.739e-08,   -6.049e-07
    3327.713,    5.139e-07,   -6.952e-08
    3329.830,    1.229e-06,   -7.067e-07
    3331.947,    1.220e-06,   -1.149e-06
    3334.064,    4.618e-07,   -7.436e-07
    3336.181,   -2.251e-07,   -2.254e-07
    3338.298,   -1.621e-07,   -6.935e-07
    3340.415,    4.314e-07,   -1.753e-06
    3342.532,    1.743e-06,   -2.228e-06
    3344.648,    2.274e-06,   -2.473e-06
    3346.765,    7.942e-07,   -1.552e-06
    3348.882,    1.561e-07,    7.296e-09
    3350.999,    6.078e-07,   -1.052e-06
    3353.116,   -9.939e-08,   -2.334e-06
    3355.233,   -4.518e-07,   -9.264e-07
    3357.350,    1.860e-07,   -6.128e-08
    3359.466,   -1.409e-07,   -2.059e-07
    3361.583,   -7.898e-07,    1.325e-07
    3363.700,    4.858e-07,   -1.133e-06
    3365.817,    2.745e-06,   -3.083e-06
    3367.934,    2.222e-06,   -1.606e-06
    3370.051,   -3.995e-07,    5.906e-07
    3372.168,   -1.645e-06,    8.771e-07
    3374.285,   -2.190e-06,   -4.361e-07
    3376.401,   -3.897e-07,   -1.428e-06
    3378.518,    1.250e-06,   -1.212e-06
    3380.635,   -1.639e-06,   -2.672e-06
    3382.752,   -2.151e-06,   -3.360e-06
    3384.869,    9.240e-07,    1.563e-09
    3386.986,    1.761e-06,    4.151e-06
    3389.103,    3.072e-06,    2.934e-06
    3391.219,    6.698e-06,    7.144e-08
    3393.336,    8.009e-06,    1.642e-06
    3395.453,    3.876e-06,    3.263e-06
    3397.570,   -1.777e-06,    1.679e-06
    3399.687,   -1.139e-06,    8.599e-07
    3401.804,    2.663e-07,    2.639e-06
    3403.921,   -6.489e-07,    2.455e-06
    3406.037,    1.481e-06,   -5.847e-07
    3408.154,    1.841e-06,   -1.056e-06
    3410.271,   -5.213e-07,   -2.818e-07
    3412.388,   -7.899e-07,   -1.464e-07
    3414.505,    3.369e-07,    1.796e-06
    3416.622,    2.869e-07,    1.680e-06
    3418.739,   -2.358e-07,    1.096e-06
    3420.856,    7.301e-08,    1.511e-06
    3422.972,   -1.744e-09,   -5.794e-07
    3425.089,   -8.624e-07,   -1.124e-06
    3427.206,   -1.505e-07,    3.690e-07
    3429.323,    1.905e-06,    9.271e-07
    3431.440,    2.602e-06,    7.648e-07
    3433.557,    9.842e-07,    4.410e-07
    3435.674,   -2.686e-07,    9.033e-07
    3437.790,    1.301e-07,    1.061e-06
    3439.907,    3.345e-07,    1.383e-07
    3442.024,    7.853e-07,   -9.495e-07
    3444.141,    8.642e-07,   -4.875e-07
    3446.258,    4.502e-08,    2.273e-07
    3448.375,   -3.186e-07,   -1.342e-07
    3450.492,   -3.699e-07,    6.426e-08
    3452.609,   -7.388e-07,    1.550e-07
    3454.725,   -3.857e-07,    2.538e-08
    3456.842,   -9.745e-08,   -1.766e-07
    3458.959,   -1.074e-06,   -1.621e-07
    3461.076,   -1.042e-06,    7.187e-07
    3463.193,    6.647e-07,    1.110e-06
    3465.310,    1.373e-06,    5.210e-07
    3467.427,    1.275e-06,    3.151e-07
    3469.543,    1.384e-06,    1.850e-07
    3471.660,   -1.155e-08,   -7.629e-07
    3473.777,   -3.560e-07,   -1.548e-06
    3475.894,    6.583e-07,   -5.847e-07
    3478.011,   -3.544e-08,    4.968e-07
    3480.128,   -5.812e-07,   -2.868e-07
    3482.245,    1.233e-07,   -3.586e-07
    3484.362,    4.589e-07,   -2.463e-07
    3486.478,   -8.094e-08,   -1.195e-06
    3488.595,   -5.507e-07,   -8.176e-07
    3490.712,   -6.339e-07,    1.740e-07
    3492.829,   -1.198e-07,   -3.000e-08
    3494.946,    4.290e-07,   -3.631e-07
    3497.063,    7.020e-07,   -5.900e-07
    3499.180,    1.724e-06,   -1.446e-06
    3501.296,    1.992e-06,   -5.952e-07
    3503.413,    8.024e-07,    8.330e-07
    3505.530,    1.006e-06,   -1.592e-07
    3507.647,    1.642e-06,   -1.014e-06
    3509.764,    8.158e-07,   -4.190e-07
    3511.881,    5.223e-07,    1.600e-07
    3513.998,    6.393e-08,    3.495e-07
    3516.115,   -3.193e-07,    1.110e-06
    3518.231,    9.620e-07,    2.016e-06
    3520.348,    1.203e-06,    1.565e-06
    3522.465,    2.155e-07,    5.864e-07
    3524.582,   -2.733e-07,    1.786e-07
    3526.699,    2.133e-07,    1.889e-08
    3528.816,    1.742e-06,   -1.228e-07
    3530.933,    2.233e-06,   -6.622e-07
    3533.049,    9.447e-07,   -7.072e-07
    3535.166,   -4.337e-07,   -3.540e-08
    3537.283,   -1.897e-07,   -2.332e-07
    3539.400,    2.175e-07,    9.005e-08
    3541.517,   -4.276e-07,    1.156e-06
    3543.634,   -8.409e-07,    1.453e-06
    3545.751,   -1.186e-06,    1.208e-06
    3547.868,   -1.374e-06,   -3.088e-07
    3549.984,   -2.119e-06,   -1.597e-06
    3552.101,   -2.576e-06,   -9.482e-07
    3554.218,   -1.123e-06,   -6.944e-07
    3556.335,    6.661e-08,   -1.716e-06
    3558.452,    2.420e-07,   -2.809e-06
    3560.569,    3.358e-07,   -2.527e-06
    3562.686,    1.490e-07,   -1.103e-06
    3564.802,    7.135e-07,    4.052e-07
    3566.919,    1.885e-06,    1.473e-06
    3569.036,    1.436e-06,    9.644e-07
    3571.153,    3.689e-07,    3.786e-07
    3573.270,   -5.996e-07,    8.765e-07
    3575.387,   -1.222e-06,    6.065e-07
    3577.504,   -8.137e-07,   -3.018e-07
    3579.621,   -1.037e-06,   -5.526e-07
    3581.737,   -1.349e-06,    1.719e-07
    3583.854,   -4.602e-07,    1.858e-06
    3585.971,    5.946e-07,    2.509e-06
    3588.088,    1.132e-06,    9.920e-07
    3590.205,    8.120e-07,   -4.605e-07
    3592.322,   -6.215e-07,   -8.944e-08
    3594.439,   -1.939e-06,    1.454e-06
    3596.555,   -1.514e-06,    1.378e-06
    3598.672,   -4.988e-07,   -3.197e-07
    3600.789,   -3.149e-07,   -4.718e-07
    3602.906,    6.783e-08,    7.252e-07
    3605.023,   -1.381e-08,    1.383e-06
    3607.140,   -2.022e-07,    6.121e-07
    3609.257,    2.249e-07,   -4.464e-07
    3611.374,    2.987e-07,   -3.489e-07
    3613.490,    1.554e-07,    3.625e-07
    3615.607,   -1.792e-07,    7.714e-07
    3617.724,    1.283e-07,    3.643e-07
    3619.841,    4.666e-07,   -4.525e-07
    3621.958,    7.182e-07,   -7.722e-07
    3624.075,    6.581e-07,   -4.300e-07
    3626.192,   -6.626e-07,   -1.738e-07
    3628.308,   -1.337e-06,    3.616e-07
    3630.425,   -7.481e-07,    9.496e-07
    3632.542,    1.080e-06,   -3.292e-07
    3634.659,    2.583e-06,   -2.084e-06
    3636.776,    1.595e-06,   -1.477e-06
    3638.893,    3.434e-07,   -2.810e-07
    3641.010,   -9.789e-08,   -4.652e-08
    3643.126,    1.886e-08,    6.601e-07
    3645.243,    1.384e-06,    1.245e-06
    3647.360,    1.991e-06,    1.426e-06
    3649.477,    1.397e-06,    1.535e-06
    3651.594,    7.466e-07,    1.287e-06
    3653.711,    1.390e-07,    7.375e-07
    3655.828,    1.310e-07,   -8.074e-07
    3657.945,    7.250e-07,   -1.105e-06
    3660.061,    7.683e-07,    7.821e-07
    3662.178,    9.484e-08,    9.095e-07
    3664.295,   -3.605e-07,   -1.866e-07
    3666.412,   -1.056e-06,   -3.865e-07
    3668.529,   -1.959e-07,   -7.403e-07
    3670.646,    1.567e-06,   -8.735e-07
    3672.763,    7.932e-07,   -4.866e-07
    3674.879,    2.056e-07,   -2.606e-07
    3676.996,    7.527e-07,    7.856e-07
    3679.113,    8.806e-07,    1.680e-06
    3681.230,    6.589e-07,    1.046e-06
    3683.347,    2.583e-07,    6.898e-07
    3685.464,    3.341e-07,    5.425e-07
    3687.581,   -3.542e-07,    5.554e-07
    3689.698,   -1.050e-06,    4.061e-07
    3691.814,   -7.271e-07,   -1.565e-07
    3693.931,   -1.042e-07,   -7.801e-07
    3696.048,    8.069e-07,   -1.781e-06
    3698.165,    4.464e-07,   -1.723e-06
    3700.282,   -3.440e-07,   -9.928e-07
    3702.399,    3.453e-08,   -1.565e-07
    3704.516,    3.412e-07,    1.263e-07
    3706.632,   -1.597e-07,   -7.334e-07
    3708.749,   -3.656e-07,   -1.304e-06
    3710.866,    3.943e-07,   -6.732e-07
    3712.983,    3.212e-07,    8.361e-07
    3715.100,   -3.379e-07,    1.803e-06
    3717.217,    3.026e-07,    1.484e-06
    3719.334,    1.219e-06,    2.567e-07
    3721.451,    1.143e-06,   -5.192e-07
    3723.567,    8.238e-07,   -2.275e-08
    3725.684,    4.207e-07,    4.154e-07
    3727.801,   -6.251e-07,    5.524e-07
    3729.918,   -1.816e-06,    1.564e-06
    3732.035,   -1.852e-06,    1.378e-06
    3734.152,   -1.407e-06,   -4.300e-07
    3736.269,   -1.211e-06,   -8.843e-07
    3738.385,   -5.158e-07,   -3.542e-07
    3740.502,   -2.014e-07,    4.214e-07
    3742.619,   -2.533e-07,    1.181e-06
    3744.736,    5.732e-07,    6.256e-07
    3746.853,    1.145e-07,   -3.956e-07
    3748.970,   -2.032e-06,   -1.178e-06
    3751.087,   -2.054e-06,   -1.753e-06
    3753.204,   -8.913e-07,   -7.404e-07
    3755.320,   -1.152e-06,    4.829e-07
    3757.437,   -1.834e-06,    4.145e-07
    3759.554,   -2.233e-06,    1.848e-07
    3761.671,   -1.987e-06,    9.920e-08
    3763.788,   -9.964e-07,    3.432e-07
    3765.905,   -1.519e-07,    2.219e-07
    3768.022,    3.500e-07,   -4.057e-07
    3770.138,    6.473e-07,   -3.244e-07
    3772.255,   -3.361e-07,   -1.306e-07
    3774.372,   -1.555e-06,   -2.501e-07
    3776.489,   -1.279e-06,    9.131e-08
    3778.606,   -3.054e-07,    6.782e-08
    3780.723,    7.175e-07,   -5.718e-07
    3782.840,    9.579e-07,   -2.960e-07
    3784.957,    8.306e-07,    9.155e-07
    3787.073,    8.437e-07,    6.603e-07
    3789.190,    3.837e-07,   -1.996e-07
    3791.307,   -3.271e-07,    2.503e-07
    3793.424,   -1.309e-07,    3.091e-07
    3795.541,    1.132e-06,   -1.570e-07
    3797.658,    1.854e-06,   -5.739e-07
    3799.775,    1.041e-06,   -5.836e-07
    3801.891,   -5.334e-08,   -1.851e-07
    3804.008,   -3.635e-07,    4.930e-07
    3806.125,   -3.590e-07,    1.007e-06
    3808.242,   -8.650e-08,   -3.957e-08
    3810.359,    7.629e-07,   -8.008e-07
    3812.476,    1.794e-06,   -6.363e-07
    3814.593,    1.427e-06,   -2.439e-07
    3816.710,    5.373e-07,    4.298e-07
    3818.826,    1.012e-06,    6.763e-08
    3820.943,    1.885e-06,   -7.139e-07
    3823.060,    1.526e-06,   -1.398e-06
    3825.177,   -2.027e-07,   -1.182e-06
    3827.294,   -9.215e-07,    2.488e-07
    3829.411,    2.100e-09,    7.869e-07
    3831.528,    6.460e-07,    1.105e-07
    3833.644,   -1.668e-07,   -3.806e-07
    3835.761,   -1.812e-06,   -2.584e-07
    3837.878,   -1.249e-06,   -1.551e-07
    3839.995,    1.420e-07,   -3.212e-08
    3842.112,   -3.540e-07,   -2.733e-08
    3844.229,   -3.476e-07,   -3.328e-07
    3846.346,    9.343e-07,   -4.449e-08
    3848.463,    1.455e-06,   -6.947e-08
    3850.579,    7.493e-07,   -4.405e-07
    3852.696,    3.518e-07,   -3.752e-07
    3854.813,    1.786e-07,   -7.509e-07
    3856.930,   -3.143e-08,   -3.924e-07
    3859.047,    3.141e-07,    4.573e-07
    3861.164,    4.131e-07,    5.334e-07
    3863.281,    3.259e-07,    1.953e-07
    3865.397,   -1.223e-07,   -2.924e-07
    3867.514,   -1.144e-06,   -5.047e-07
    3869.631,   -1.137e-06,   -2.601e-07
    3871.748,    6.107e-07,    6.839e-07
    3873.865,    1.388e-06,    1.064e-06
    3875.982,   -1.984e-07,    2.610e-07
    3878.099,   -1.074e-06,    1.632e-07
    3880.215,   -6.084e-07,    8.032e-07
    3882.332,   -3.845e-07,    1.203e-06
    3884.449,   -3.674e-07,    1.065e-06
    3886.566,   -9.369e-07,    1.096e-07
    3888.683,   -1.278e-06,   -4.520e-07
    3890.800,   -4.201e-07,   -4.768e-07
    3892.917,    1.028e-07,   -3.023e-07
    3895.034,    2.812e-07,    5.590e-07
    3897.150,    8.232e-07,    7.985e-07
    3899.267,    1.174e-06,    7.410e-07
    3901.384,    2.976e-07,    8.969e-07
    3903.501,   -8.143e-07,    5.290e-07
    3905.618,   -2.732e-07,   -5.402e-08
    3907.735,   -1.322e-07,   -5.032e-07
    3909.852,   -7.599e-07,   -3.252e-07
    3911.968,   -6.750e-07,   -4.794e-07
    3914.085,   -1.338e-07,   -1.088e-06
    3916.202,   -3.640e-07,   -7.779e-07
    3918.319,   -1.134e-06,    5.878e-07
    3920.436,   -1.057e-06,    1.814e-06
    3922.553,   -1.025e-06,    1.427e-06
    3924.670,   -1.201e-06,    3.538e-07
    3926.787,   -1.148e-06,    7.535e-07
    3928.903,   -3.811e-07,    1.357e-06
    3931.020,    2.061e-07,   -5.621e-08
    3933.137,   -1.173e-06,   -9.764e-07
    3935.254,   -1.500e-06,    3.619e-07
    3937.371,    2.914e-07,    1.160e-06
    3939.488,    5.992e-07,    7.231e-07
    3941.605,    1.076e-07,    6.998e-07
    3943.721,   -4.910e-07,    2.531e-08
    3945.838,   -1.314e-06,   -1.167e-06
    3947.955,   -1.079e-06,   -7.285e-07
    3950.072,   -9.724e-07,    4.308e-09
    3952.189,   -7.036e-07,   -2.396e-07
    3954.306,    7.168e-07,    2.054e-07
    3956.423,    1.513e-06,    1.398e-06
    3958.540,    3.210e-07,    1.845e-06
    3960.656,   -9.016e-07,    1.539e-06
    3962.773,   -3.705e-07,    5.512e-07
    3964.890,    1.052e-07,   -5.991e-07
    3967.007,   -6.915e-07,   -2.772e-07
    3969.124,   -4.115e-07,    2.177e-07
    3971.241,    9.319e-07,   -2.525e-07
    3973.358,    1.018e-06,   -6.385e-07
    3975.474,    7.275e-07,   -1.178e-06
    3977.591,    8.099e-07,   -1.684e-06
    3979.708,    5.689e-07,   -1.142e-06
    3981.825,    5.756e-07,    7.546e-08
    3983.942,    1.420e-06,    4.446e-07
    3986.059,    1.654e-06,   -2.702e-08
    3988.176,    1.159e-06,   -8.954e-07
    3990.293,    1.192e-06,   -1.146e-06
    3992.409,    1.221e-06,   -1.309e-07
    3994.526,    1.077e-06,   -9.643e-08
    3996.643,    1.206e-06,   -6.003e-07
    3998.760,    1.198e-06,   -2.450e-07
    4000.877,    4.955e-07,   -1.347e-07
    4002.994,    3.311e-08,    1.924e-07
    4005.111,    4.395e-07,    9.753e-07
    4007.227,    1.133e-06,    1.313e-06
    4009.344,    1.327e-06,    1.190e-06
    4011.461,    1.209e-06,    1.585e-07
    4013.578,    1.845e-06,   -8.324e-07
    4015.695,    1.261e-06,   -2.838e-07
    4017.812,   -4.254e-07,    1.727e-07
    4019.929,   -6.991e-07,   -1.677e-07
    4022.046,   -4.069e-07,   -3.716e-07
    4024.162,   -1.063e-07,   -7.174e-07
    4026.279,    1.739e-07,   -9.024e-07
    4028.396,   -5.327e-08,   -1.720e-08
    4030.513,   -2.897e-07,    9.721e-07
    4032.630,   -1.560e-07,    6.891e-07
    4034.747,    7.379e-08,   -5.515e-10
    4036.864,   -2.464e-07,    2.344e-07
    4038.980,   -5.452e-07,    7.036e-07
    4041.097,   -6.644e-08,   -2.814e-07
    4043.214,    3.925e-08,   -1.763e-06
    4045.331,    7.580e-09,   -1.619e-06
    4047.448,    3.318e-07,   -1.167e-06
    4049.565,   -2.358e-07,   -1.364e-06
    4051.682,   -1.160e-06,   -1.267e-06
    4053.799,   -1.192e-06,   -7.594e-07
    4055.915,   -5.700e-07,   -1.513e-07
    4058.032,   -1.397e-08,   -6.893e-09
    4060.149,   -1.106e-07,   -1.722e-07
    4062.266,    2.390e-07,   -8.278e-07
    4064.383,    9.427e-07,   -1.312e-06
    4066.500,    7.389e-07,   -9.120e-07
    4068.617,    1.208e-07,   -8.449e-07
    4070.733,   -2.543e-07,   -1.333e-06
    4072.850,    4.713e-07,   -1.150e-06
    4074.967,    1.130e-06,    2.243e-07
    4077.084,    8.421e-07,    1.454e-06
    4079.201,    2.890e-07,    1.466e-06
    4081.318,   -4.252e-07,    3.792e-07
    4083.435,    5.087e-08,   -3.544e-07
    4085.552,    8.514e-07,   -1.610e-07
    4087.668,    5.293e-07,   -2.138e-07
    4089.785,    9.637e-08,   -7.448e-07
    4091.902,   -6.569e-08,   -1.324e-06
    4094.019,    3.417e-07,   -9.741e-07
    4096.136,    5.371e-07,   -2.675e-07
    4098.253,    7.738e-08,   -2.159e-07
    4100.370,   -1.375e-07,   -2.725e-07
    4102.486,    1.635e-07,   -5.170e-07
    4104.603,    3.878e-07,   -5.339e-07
    4106.720,    1.562e-07,    2.972e-07
    4108.837,    5.285e-07,    6.652e-07
    4110.954,    4.793e-07,    2.757e-07
    4113.071,   -3.329e-07,    2.053e-07
    4115.188,   -5.489e-07,   -6.392e-08
    4117.304,   -4.569e-07,   -3.123e-07
    4119.421,   -1.569e-07,    2.715e-07
    4121.538,   -2.345e-07,    8.710e-07
    4123.655,   -7.870e-07,    7.344e-07
    4125.772,   -8.130e-07,    2.976e-07
    4127.889,   -6.083e-07,    2.758e-08
    4130.006,   -6.705e-07,   -7.101e-08
    4132.123,   -6.643e-07,    2.417e-07
    4134.239,   -7.890e-09,    5.541e-07
    4136.356,    8.141e-07,    3.211e-08
    4138.473,    6.886e-07,   -5.439e-07
    4140.590,    1.709e-07,   -2.318e-07
    4142.707,    1.709e-07,    7.744e-08
    4144.824,    4.307e-07,    6.499e-07
    4146.941,    6.367e-07,    1.334e-06
    4149.057,    6.581e-07,    9.813e-07
    4151.174,    9.571e-08,    1.431e-07
    4153.291,   -5.691e-07,   -4.424e-08
    4155.408,   -5.598e-07,    6.059e-07
    4157.525,   -2.789e-08,    9.394e-07
    4159.642,    1.690e-07,    6.875e-07
    4161.759,    2.008e-07,   -8.547e-08
    4163.876,    3.825e-07,   -8.347e-07
    4165.992,    2.765e-07,   -5.845e-07
    4168.109,    3.299e-07,    1.300e-07
    4170.226,    4.445e-07,    2.815e-07
    4172.343,    1.654e-07,    1.480e-07
    4174.460,   -2.262e-07,    3.156e-07
    4176.577,    1.194e-07,    3.249e-07
    4178.694,    7.625e-07,    1.504e-07
    4180.810,    9.400e-07,   -3.007e-07
    4182.927,    7.287e-07,   -9.487e-07
    4185.044,   -7.938e-08,   -8.233e-07
    4187.161,   -4.475e-07,   -1.996e-07
    4189.278,    5.867e-08,    1.444e-07
    4191.395,    1.558e-07,    1.418e-07
    4193.512,   -3.649e-07,   -2.574e-07
    4195.629,   -2.831e-07,   -7.154e-07
    4197.745,    1.059e-07,   -1.168e-07
    4199.862,   -8.534e-08,    4.505e-07
    4201.979,    1.629e-07,    1.631e-07
    4204.096,    8.951e-07,    4.847e-07
    4206.213,    7.883e-07,    3.981e-07
    4208.330,    1.945e-07,   -3.374e-07
    4210.447,   -1.172e-07,   -4.044e-07
    4212.563,   -1.967e-07,   -2.120e-07
    4214.680,   -1.580e-07,   -5.265e-07
    4216.797,   -2.084e-07,   -8.368e-07
    4218.914,    3.261e-09,   -3.323e-07
    4221.031,    2.557e-07,    2.373e-07
    4223.148,    9.346e-08,    8.363e-08
    4225.265,    5.734e-08,   -1.021e-07
    4227.382,    2.858e-07,   -6.386e-08
    4229.498,    5.378e-07,   -2.511e-07
    4231.615,    4.900e-07,   -2.471e-07
    4233.732,   -3.017e-09,    3.175e-09
    4235.849,   -3.768e-07,    1.072e-08
    4237.966,   -3.432e-07,   -1.868e-07
    4240.083,   -1.290e-07,   -1.701e-07
    4242.200,    4.560e-08,   -6.271e-08
    4244.316,    1.004e-08,   -2.962e-07
    4246.433,   -1.204e-07,   -4.918e-07
    4248.550,   -1.057e-07,   -3.384e-07
    4250.667,    5.208e-08,   -1.947e-07
    4252.784,    3.463e-08,   -1.682e-07
    4254.901,    1.656e-08,   -9.116e-08
    4257.018,    3.189e-07,   -8.015e-08
    4259.135,    3.905e-07,   -1.491e-07
    4261.251,    1.972e-07,   -8.346e-08
    4263.368,    2.676e-07,    4.953e-08
    4265.485,    2.939e-08,   -3.110e-09
    4267.602,   -1.932e-07,   -2.135e-07
    4269.719,    1.673e-07,   -1.904e-07
    4271.836,    2.774e-07,   -1.159e-07
    4273.953,    2.870e-07,   -3.994e-08
    4276.069,    1.796e-07,    2.585e-07
    4278.186,    3.799e-08,    3.063e-07
    4280.303,    1.447e-07,    1.767e-07
    4282.420,    1.009e-07,    1.270e-07
    4284.537,   -3.032e-08,   -1.433e-08
    4286.654,   -1.511e-07,   -1.885e-07
    4288.771,   -1.276e-07,   -1.671e-07
    4290.888,   -2.320e-08,   -8.598e-08
    4293.004,   -4.625e-08,   -9.862e-08
    4295.121,   -1.420e-07,    1.051e-07
    4297.238,   -1.689e-07,    2.658e-07
    4299.355,   -1.406e-07,    1.393e-07
    4301.472,   -7.167e-08,    2.922e-08
    4303.589,   -5.597e-08,    3.747e-09
    4305.706,   -7.974e-08,   -8.610e-08
    4307.822,   -6.617e-09,   -1.102e-07
    4309.939,   -1.819e-09,    1.026e-07
    4312.056,   -6.249e-08,    5.478e-08
    4314.173,   -1.613e-07,   -2.008e-07
    4316.290,   -2.905e-07,   -2.346e-07
    4318.407,   -2.265e-07,   -1.151e-07
    4320.524,    4.566e-08,    3.633e-09
    4322.641,    1.712e-07,    3.070e-08
    4324.757,    1.325e-07,    9.979e-08
    4326.874,    1.797e-07,    1.235e-07
    4328.991,    6.506e-08,   -1.623e-07
    4331.108,   -1.784e-07,   -3.606e-07
    4333.225,   -1.306e-07,   -1.988e-07
    4335.342,   -4.182e-08,   -1.686e-07
    4337.459,   -5.567e-08,   -2.179e-07
    4339.575,   -8.885e-09,   -5.555e-08
    4341.692,   -3.798e-08,   -1.470e-09
    4343.809,   -9.145e-08,   -6.615e-08
    4345.926,   -8.159e-08,    1.626e-08
    4348.043,   -1.794e-08,    1.133e-07
    4350.160,    7.245e-08,    1.166e-07
    4352.277,    4.512e-08,   -1.257e-08
    4354.393,   -6.615e-08,   -1.483e-07
    4356.510,    3.713e-08,   -1.104e-07
    4358.627,    1.602e-07,   -1.116e-08
    4360.744,    6.824e-08,    5.474e-08
    4362.861,    5.600e-08,    9.961e-08
    4364.978,    5.231e-08,    8.487e-08
    4367.095,   -1.403e-08,    1.088e-08
    4369.212,   -2.922e-09,   -1.936e-08
    4371.328,   -4.957e-08,   -4.595e-08
    4373.445,   -5.632e-08,   -7.261e-08
    4375.562,    5.282e-08,    9.763e-09
    4377.679,    1.937e-08,    8.285e-08
    4379.796,   -8.681e-08,    1.691e-08
    4381.913,   -1.288e-07,   -7.386e-09
    4384.030,   -1.636e-07,    9.163e-08
    4386.146,   -9.113e-08,    9.150e-08
    4388.263,    2.771e-08,    5.525e-08
    4390.380,   -4.065e-08,    5.961e-08
    4392.497,   -1.920e-07,    5.147e-08
    4394.614,   -1.717e-07,    6.217e-08
    4396.731,   -8.365e-08,   -2.836e-08
    4398.848,   -7.749e-08,   -1.426e-07
    4400.965,   -6.594e-08,   -1.258e-07
    4403.081,   -9.083e-08,   -2.084e-09
    4405.198,   -1.044e-07,    4.709e-08
    4407.315,   -1.843e-08,    2.310e-08
    4409.432,    2.367e-08,    4.907e-08
    4411.549,   -1.003e-08,    2.981e-09
    4413.666,   -4.164e-08,   -6.270e-08
    4415.783,   -4.443e-08,   -4.833e-08
    4417.899,   -2.954e-08,   -5.048e-08
    4420.016,   -4.480e-08,   -4.248e-08
    4422.133,   -7.206e-08,   -1.048e-08
    4424.250,   -4.934e-08,   -5.083e-08
    4426.367,   -5.063e-09,   -6.407e-08
    4428.484,   -4.617e-09,   -1.438e-08
    4430.601,    6.632e-09,    4.533e-08
    4432.718,    3.959e-08,    9.335e-08
    4434.834,    3.568e-08,    6.083e-08
    4436.951,    6.175e-08,    6.778e-08
    4439.068,    9.371e-08,    1.162e-07
    4441.185,    3.617e-08,    1.027e-07
    4443.302,    1.295e-08,    9.234e-08
    4445.419,    7.616e-08,    5.435e-08
    4447.536,    7.609e-08,    9.373e-09
    4449.652,    3.986e-08,    8.855e-09
    4451.769,    1.235e-08,   -1.964e-08
    4453.886,    2.451e-08,   -2.011e-08
    4456.003,    1.048e-07,    3.039e-08
    4458.120,    1.329e-07,    4.104e-08
    4460.237,    9.872e-08,    1.146e-08
    4462.354,    4.686e-08,    7.601e-09
    4464.471,   -6.441e-09,    4.379e-08
    4466.587,   -1.691e-08,    3.300e-08
    4468.704,    1.567e-08,   -1.352e-08
    4470.821,    1.519e-08,   -1.486e-08
    4472.938,    7.325e-09,   -3.264e-09
    4475.055,    4.866e-08,   -6.794e-09
    4477.172,    4.700e-08,   -4.650e-10
    4479.289,    1.760e-08,    1.993e-08
    4481.405,    2.001e-08,    2.999e-08
    4483.522,    2.551e-09,    1.648e-08
    4485.639,   -1.617e-08,    4.113e-09
    4487.756,    1.291e-08,   -2.358e-09
    4489.873,   -5.400e-10,    2.542e-09
    4491.990,   -3.091e-08,    1.992e-08
    4494.107,   -7.547e-09,    1.990e-08
    4496.224,   -1.831e-08,    1.923e-08
    4498.340,   -4.084e-08,    5.107e-09
    4500.457,   -2.523e-08,   -1.405e-08
    4502.574,   -1.535e-08,    4.076e-09
    4504.691,   -8.858e-09,    3.566e-09
    4506.808,    7.282e-09,   -1.825e-08
    4508.925,    1.319e-08,    6.769e-09
    4511.042,    1.028e-08,    2.908e-08
    4513.158,   -4.296e-09,    1.096e-08
    4515.275,   -1.227e-08,    2.511e-08
    4517.392,   -5.826e-09,    3.442e-08
    4519.509,   -8.882e-09,    1.557e-08
    4521.626,   -4.750e-09,    1.432e-08
    4523.743,    1.254e-08,    5.877e-09
    4525.860,    6.974e-09,    1.072e-08
    4527.977,   -1.271e-08,    4.776e-08
    4530.093,   -4.193e-09,    6.114e-08
    4532.210,   -2.683e-09,    3.738e-08
    4534.327,   -9.408e-09,    1.576e-08
    4536.444,    7.281e-09,    1.308e-08
    4538.561,    1.072e-08,    4.434e-08
    4540.678,   -2.840e-09,    6.708e-08
    4542.795,   -4.171e-09,    4.071e-08
    4544.911,    2.064e-09,    2.627e-08
    4547.028,   -3.358e-09,    4.905e-08
    4549.145,   -1.617e-08,    5.680e-08
    4551.262,   -3.953e-08,    4.313e-08
    4553.379,   -3.386e-08,    1.603e-08
    4555.496,    1.748e-09,   -4.597e-09
    4557.613,    8.347e-10,    3.423e-08
    4559.730,   -1.562e-08,    5.169e-08
    4561.846,   -2.578e-08,    1.792e-08
    4563.963,   -3.576e-08,    1.514e-08
    4566.080,   -2.744e-08,    2.456e-08
    4568.197,   -2.479e-08,    3.242e-08
    4570.314,   -3.340e-08,    5.493e-08
    4572.431,   -2.122e-08,    3.643e-08
    4574.548,   -2.073e-08,   -3.787e-10
    4576.664,   -3.114e-08,    9.452e-09
    4578.781,   -3.386e-08,    1.585e-08
    4580.898,   -4.254e-08,    1.262e-08
    4583.015,   -4.438e-08,    1.598e-08
    4585.132,   -2.640e-08,    2.127e-09
    4587.249,   -9.639e-09,    6.647e-10
    4589.366,   -1.534e-08,    2.297e-08
    4591.482,   -1.149e-08,    1.393e-08
    4593.599,   -9.754e-11,    3.619e-09
    4595.716,   -8.119e-09,    1.585e-08
    4597.833,   -2.649e-08,   -5.483e-09
    4599.950,   -2.147e-08,   -2.187e-08
    4602.067,    8.906e-09,   -4.909e-09
    4604.184,    1.551e-08,    3.668e-09
    4606.301,   -6.209e-09,    3.752e-09
    4608.417,   -3.749e-09,    8.066e-09
    4610.534,    1.289e-08,   -5.124e-09
    4612.651,    1.034e-08,   -1.458e-08
    4614.768,    1.564e-08,   -2.031e-08
    4616.885,    1.048e-08,   -3.481e-08
    4619.002,    3.190e-09,   -1.881e-08
    4621.119,    2.887e-08,   -1.314e-08
    4623.235,    4.425e-08,   -1.781e-08
    4625.352,    2.755e-08,    5.467e-09
    4627.469,    1.259e-08,    7.958e-10
    4629.586,    3.240e-09,   -2.007e-08
    4631.703,   -2.202e-09,   -1.394e-08
    4633.820,    8.201e-09,   -2.602e-08
    4635.937,    1.460e-08,   -3.515e-08
    4638.054,    1.413e-08,   -2.330e-08
    4640.170,    9.879e-09,   -3.405e-08
    4642.287,    2.530e-09,   -3.705e-08
    4644.404,   -3.954e-09,   -1.921e-08
    4646.521,   -5.493e-09,   -1.817e-08
    4648.638,   -3.532e-09,   -1.680e-08
    4650.755,   -1.614e-08,   -6.046e-09
    4652.872,   -3.343e-08,   -2.980e-08
    4654.988,   -2.919e-08,   -4.131e-08
    4657.105,   -2.074e-08,   -1.631e-08
    4659.222,   -4.112e-08,   -2.349e-08
    4661.339,   -5.123e-08,   -4.323e-08
    4663.456,   -3.298e-08,   -4.621e-08
    4665.573,   -2.335e-08,   -4.841e-08
    4667.690,   -2.645e-08,   -2.914e-08
    4669.807,   -3.364e-08,   -7.898e-09
    4671.923,   -5.271e-08,   -2.619e-08
    4674.040,   -4.882e-08,   -2.073e-08
    4676.157,   -2.066e-08,   -5.711e-09
    4678.274,   -2.835e-08,   -2.743e-08
    4680.391,   -4.058e-08,   -2.510e-08
    4682.508,   -4.577e-08,   -1.860e-08
    4684.625,   -3.641e-08,   -3.327e-08
    4686.741,    3.928e-09,   -1.694e-08
    4688.858,   -9.820e-09,   -2.428e-09
    4690.975,   -5.986e-08,   -2.802e-08
    4693.092,   -3.980e-08,   -2.981e-08
    4695.209,   -4.309e-09,   -6.346e-09
    4697.326,   -3.172e-09,   -4.194e-10
    4699.443,    1.154e-08,   -8.596e-09
    4701.560,    1.714e-08,   -1.384e-08
    4703.676,    1.340e-08,   -9.360e-09
    4705.793,    2.408e-08,    8.471e-10
    4707.910,    1.308e-08,    1.772e-09
    4710.027,   -7.762e-09,   -2.430e-09
    4712.144,    6.448e-09,    4.110e-09
    4714.261,    1.543e-08,    4.540e-09
    4716.378,    1.639e-08,    3.960e-09
    4718.494,    3.404e-08,   -2.104e-09
    4720.611,    3.256e-08,   -1.638e-08
    4722.728,    3.389e-08,   -4.944e-09
    4724.845,    4.727e-08,    1.642e-08
    4726.962,    3.613e-08,    7.941e-09
    4729.079,    2.453e-08,    6.717e-10
    4731.196,    3.475e-08,    6.579e-09
    4733.313,    2.793e-08,    1.255e-08
    4735.429,    2.099e-08,    3.238e-08
    4737.546,    2.021e-08,    2.019e-08
    4739.663,    1.288e-08,   -1.408e-08
    4741.780,    3.520e-08,   -1.641e-08
    4743.897,    3.992e-08,    2.173e-09
    4746.014,    1.271e-08,    1.179e-08
    4748.131,    2.029e-08,    8.388e-09
    4750.247,    3.272e-08,    4.178e-09
    4752.364,    1.824e-08,    4.789e-09
    4754.481,    2.054e-08,    9.335e-09
    4756.598,    1.296e-08,    1.320e-08
    4758.715,   -7.997e-09,    1.727e-08
    4760.832,    6.196e-09,    6.096e-09
    4762.949,    2.025e-08,   -7.963e-09
