       2.117,    3.708e+01,   -1.636e+02
       4.234,    4.927e+01,   -8.311e+01
       6.351,    4.900e+01,   -2.855e+01
       8.467,    4.310e+01,   -1.636e+01
      10.584,    4.071e+01,   -1.719e+01
      12.701,    2.880e+01,   -7.730e+00
      14.818,    9.922e+00,   -1.003e-01
      16.935,    6.704e-01,   -6.547e-01
      19.052,   -2.280e-01,   -1.653e+00
      21.169,    6.580e-01,   -4.099e-01
      23.286,    1.217e+00,    4.765e-01
      25.402,    8.992e-01,   -2.718e-01
      27.519,    1.003e+00,   -1.306e+00
      29.636,    1.340e+00,   -1.497e+00
      31.753,    9.416e-01,   -1.159e+00
      33.870,   -1.819e-01,   -7.359e-01
      35.987,   -9.209e-01,   -5.042e-01
      38.104,   -5.712e-01,   -2.953e-01
      40.220,    1.941e-01,   -1.643e-01
      42.337,    4.256e-01,   -1.765e-01
      44.454,    9.236e-02,   -1.766e-01
      46.571,   -6.515e-02,   -1.954e-01
      48.688,   -8.428e-02,   -2.678e-02
      50.805,    2.593e-03,    2.821e-01
      52.922,    3.080e-01,    3.381e-01
      55.039,    2.753e-01,    3.113e-01
      57.155,    3.187e-02,    1.613e-01
      59.272,    6.975e-02,   -7.630e-02
      61.389,    1.259e-01,   -9.928e-03
      63.506,    1.444e-02,    1.170e-01
      65.623,   -1.255e-01,    4.914e-02
      67.740,   -2.209e-01,   -5.239e-02
      69.857,   -1.115e-01,   -8.506e-02
      71.973,    2.500e-02,   -4.916e-02
      74.090,   -7.085e-02,    2.630e-02
      76.207,   -1.850e-01,    5.304e-02
      78.324,   -1.311e-01,    2.535e-02
      80.441,   -2.633e-02,   -1.641e-02
      82.558,   -2.878e-02,   -5.839e-02
      84.675,   -5.048e-02,   -3.879e-02
      86.792,    1.803e-02,    5.534e-03
      88.908,    6.572e-02,   -1.454e-02
      91.025,    1.740e-02,   -3.893e-02
      93.142,   -4.092e-02,   -6.842e-03
      95.259,   -1.355e-02,    2.589e-02
      97.376,    9.980e-02,    6.178e-02
      99.493,    1.160e-01,    7.022e-02
     101.610,    1.295e-02,    1.768e-02
     103.726,    1.148e-02,   -1.889e-02
     105.843,    5.048e-02,   -2.498e-02
     107.960,    1.758e-02,   -2.161e-02
     110.077,   -1.012e-03,   -2.078e-02
     112.194,   -3.011e-03,   -1.056e-02
     114.311,   -2.403e-02,    1.269e-02
     116.428,   -2.400e-02,    2.013e-02
     118.544,    3.300e-03,    6.190e-03
     120.661,    5.226e-03,   -1.361e-02
     122.778,   -1.819e-02,   -2.422e-02
     124.895,   -2.532e-02,   -2.241e-02
     127.012,   -1.042e-02,   -1.626e-02
     129.129,    1.223e-02,   -1.594e-02
     131.246,    2.260e-02,   -6.451e-03
     133.363,    2.047e-02,    5.918e-03
     135.479,    1.743e-02,   -6.674e-03
     137.596,    8.630e-03,   -2.381e-02
     139.713,   -4.240e-04,   -2.738e-02
     141.830,   -3.155e-03,   -2.694e-02
     143.947,   -3.360e-03,   -1.441e-02
     146.064,   -1.205e-03,   -4.657e-03
     148.181,    1.890e-02,   -5.978e-03
     150.297,    4.395e-02,   -1.284e-02
     152.414,    4.441e-02,   -4.027e-02
     154.531,    3.385e-02,   -3.345e-02
     156.648,    1.624e-02,   -4.386e-03
     158.765,   -9.203e-04,   -1.284e-02
     160.882,    9.919e-04,   -1.423e-02
     162.999,    1.418e-03,   -4.777e-04
     165.116,   -6.185e-04,    3.209e-03
     167.232,    6.593e-03,   -3.320e-05
     169.349,    4.889e-03,   -2.688e-03
     171.466,   -4.928e-03,   -2.765e-03
     173.583,   -1.705e-03,   -2.957e-05
     175.700,    1.162e-02,    4.274e-04
     177.817,    1.005e-02,   -4.196e-03
     179.934,    2.185e-03,   -6.518e-03
     182.050,    1.403e-02,   -5.272e-03
     184.167,    2.963e-02,    2.146e-03
     186.284,    4.135e-02,    6.022e-03
     188.401,    7.409e-02,    1.374e-03
     190.518,    1.449e-01,    4.842e-03
     192.635,    3.476e-01,    7.831e-03
     194.752,    6.749e-01,    5.589e-03
     196.869,    9.104e-01,    1.427e-02
     198.985,    9.968e-01,    1.623e-02
     201.102,    9.838e-01,    5.482e-03
     203.219,    8.868e-01,    2.207e-04
     205.336,    8.361e-01,    1.903e-03
     207.453,    9.293e-01,    8.639e-03
     209.570,    1.000e+00,    1.332e-02
     211.687,    9.767e-01,    1.404e-02
     213.803,    9.842e-01,    1.361e-02
     215.920,    9.391e-01,    6.940e-03
     218.037,    8.795e-01,   -3.619e-04
     220.154,    8.330e-01,   -4.888e-04
     222.271,    7.578e-01,    3.479e-03
     224.388,    7.971e-01,    6.668e-03
     226.505,    7.474e-01,    7.997e-03
     228.622,    5.046e-01,    8.223e-03
     230.738,    2.797e-01,    5.382e-03
     232.855,    1.205e-01,   -5.419e-04
     234.972,    4.283e-02,   -3.449e-03
     237.089,    2.182e-02,   -2.399e-03
     239.206,    1.011e-02,   -2.683e-03
     241.323,    2.888e-03,   -3.018e-03
     243.440,   -2.070e-03,   -2.852e-03
     245.556,   -1.296e-03,   -5.008e-03
     247.673,    3.846e-03,   -4.871e-03
     249.790,    4.239e-03,    2.545e-03
     251.907,    1.064e-03,    1.015e-02
     254.024,    5.616e-04,    9.064e-03
     256.141,   -2.368e-03,    6.342e-03
     258.258,   -4.743e-03,    6.581e-03
     260.375,   -3.827e-03,    5.677e-04
     262.491,   -5.366e-03,   -6.173e-03
     264.608,   -5.709e-03,   -5.448e-03
     266.725,   -9.437e-04,   -5.561e-03
     268.842,    8.810e-04,   -5.151e-03
     270.959,    5.895e-05,   -7.666e-04
     273.076,    3.977e-03,   -6.491e-04
     275.193,    8.216e-03,   -1.622e-03
     277.309,    5.237e-03,   -5.251e-05
     279.426,   -2.003e-03,    6.923e-04
     281.543,   -5.164e-03,    2.393e-03
     283.660,   -2.620e-03,    3.541e-03
     285.777,   -8.848e-04,    2.945e-03
     287.894,   -2.201e-04,    1.722e-03
     290.011,    9.765e-04,   -8.888e-04
     292.128,   -2.003e-04,   -1.690e-03
     294.244,   -1.981e-03,    1.950e-03
     296.361,   -2.263e-03,    3.338e-03
     298.478,   -4.639e-04,   -1.662e-04
     300.595,    2.528e-04,   -1.483e-03
     302.712,   -1.118e-03,    2.556e-05
     304.829,   -7.461e-04,   -1.045e-03
     306.946,   -4.990e-04,   -1.825e-03
     309.062,   -1.241e-03,    1.366e-03
     311.179,   -7.485e-05,    3.318e-03
     313.296,   -1.896e-04,    2.212e-03
     315.413,   -2.954e-03,    8.669e-05
     317.530,   -3.085e-03,   -1.038e-03
     319.647,   -8.233e-04,   -5.160e-04
     321.764,    1.787e-03,   -8.505e-04
     323.881,    4.619e-03,   -1.812e-03
     325.997,    4.634e-03,   -3.247e-03
     328.114,    2.848e-03,   -3.185e-03
     330.231,    8.025e-04,   -7.252e-04
     332.348,    5.246e-05,   -9.258e-05
     334.465,    1.260e-03,   -8.746e-04
     336.582,    2.837e-03,   -5.252e-04
     338.699,    1.360e-02,    1.332e-04
     340.815,    2.346e-02,   -4.339e-05
     342.932,    1.625e-02,    9.050e-05
     345.049,    6.888e-03,    2.775e-04
     347.166,    4.621e-03,   -3.598e-04
     349.283,    4.261e-03,    3.555e-04
     351.400,    7.466e-03,    1.954e-03
     353.517,    1.742e-02,    2.701e-03
     355.633,    3.370e-02,    3.180e-03
     357.750,    5.266e-02,    9.254e-04
     359.867,    5.749e-02,   -1.999e-03
     361.984,    4.227e-02,   -1.590e-03
     364.101,    2.954e-02,   -4.860e-04
     366.218,    2.649e-02,    8.338e-05
     368.335,    2.563e-02,   -3.979e-04
     370.452,    2.941e-02,   -7.396e-04
     372.568,    3.430e-02,   -2.562e-04
     374.685,    3.011e-02,    5.849e-04
     376.802,    1.724e-02,    1.401e-03
     378.919,    7.054e-03,    5.352e-04
     381.036,    3.185e-03,   -7.675e-04
     383.153,    1.339e-03,   -1.022e-03
     385.270,    7.876e-04,   -7.118e-04
     387.386,    6.803e-04,    1.480e-04
     389.503,    4.254e-04,    1.144e-03
     391.620,    1.906e-06,    9.850e-04
     393.737,   -5.615e-04,    8.055e-04
     395.854,    9.348e-04,    8.649e-04
     397.971,    3.008e-03,    4.949e-04
     400.088,    3.059e-03,   -2.966e-05
     402.205,    2.583e-03,    8.913e-05
     404.321,    2.806e-03,    6.329e-04
     406.438,    4.329e-03,    5.672e-04
     408.555,    6.266e-03,   -8.013e-04
     410.672,    7.042e-03,   -2.045e-03
     412.789,    8.218e-03,   -1.191e-03
     414.906,    1.141e-02,   -4.947e-04
     417.023,    1.520e-02,   -6.144e-04
     419.139,    1.668e-02,   -6.050e-04
     421.256,    1.598e-02,   -1.891e-04
     423.373,    1.604e-02,   -1.380e-04
     425.490,    1.685e-02,   -2.644e-04
     427.607,    1.644e-02,    5.849e-04
     429.724,    1.454e-02,    4.912e-04
     431.841,    1.238e-02,    2.757e-04
     433.958,    1.182e-02,    1.080e-03
     436.074,    1.108e-02,    1.087e-03
     438.191,    7.799e-03,    5.307e-04
     440.308,    5.173e-03,   -1.503e-04
     442.425,    4.649e-03,   -7.288e-04
     444.542,    4.580e-03,   -6.233e-04
     446.659,    4.303e-03,   -1.042e-04
     448.776,    2.461e-03,   -9.320e-05
     450.892,    1.340e-04,   -3.458e-04
     453.009,   -3.174e-04,    3.619e-04
     455.126,   -7.288e-06,    1.466e-03
     457.243,   -1.230e-04,    1.583e-03
     459.360,   -2.437e-04,    1.229e-03
     461.477,   -7.736e-04,    1.116e-03
     463.594,   -1.300e-03,    7.986e-04
     465.711,   -1.018e-03,    5.304e-04
     467.827,   -6.628e-04,    4.068e-04
     469.944,   -1.884e-04,   -2.668e-04
     472.061,    3.943e-04,   -9.544e-04
     474.178,    6.956e-04,   -3.617e-04
     476.295,    8.235e-04,    5.797e-04
     478.412,    1.535e-04,    4.167e-04
     480.529,   -4.029e-04,   -6.435e-04
     482.645,    1.007e-04,   -9.293e-04
     484.762,    4.855e-04,    8.591e-05
     486.879,    6.234e-04,    1.693e-04
     488.996,    5.605e-04,   -4.968e-04
     491.113,    6.377e-05,   -2.494e-04
     493.230,   -1.076e-04,   -2.179e-05
     495.347,   -2.148e-05,    2.521e-04
     497.464,    1.574e-05,    4.088e-04
     499.580,   -1.289e-04,   -4.249e-04
     501.697,   -4.828e-04,   -9.163e-04
     503.814,   -5.105e-04,   -5.681e-04
     505.931,   -1.429e-04,   -3.247e-04
     508.048,   -8.904e-05,   -2.140e-04
     510.165,   -7.607e-04,    1.526e-04
     512.282,   -9.819e-04,    4.333e-04
     514.398,   -3.573e-04,    7.067e-04
     516.515,    8.019e-05,    9.576e-04
     518.632,   -3.764e-05,    9.896e-04
     520.749,   -2.580e-04,    6.825e-04
     522.866,   -3.312e-04,    1.629e-04
     524.983,   -5.182e-04,    1.494e-04
     527.100,   -8.268e-04,    4.413e-04
     529.217,   -7.190e-04,    2.852e-04
     531.333,   -1.346e-04,   -5.448e-04
     533.450,   -1.328e-04,   -9.979e-04
     535.567,   -5.480e-04,   -3.594e-04
     537.684,   -5.386e-04,    1.712e-04
     539.801,   -5.333e-04,    1.051e-04
     541.918,   -5.672e-04,    4.056e-04
     544.035,   -3.575e-04,    4.937e-04
     546.151,   -9.580e-05,    6.744e-05
     548.268,    9.122e-05,   -4.790e-06
     550.385,    2.766e-05,    1.623e-05
     552.502,   -1.852e-05,    3.203e-04
     554.619,    1.102e-04,    4.641e-04
     556.736,    6.178e-06,   -2.272e-04
     558.853,   -7.221e-05,   -9.200e-04
     560.970,    1.493e-04,   -6.825e-04
     563.086,    5.678e-04,    1.723e-04
     565.203,    8.508e-04,    1.328e-04
     567.320,    5.594e-04,   -2.556e-04
     569.437,    3.151e-05,   -6.518e-05
     571.554,   -3.060e-04,   -8.924e-05
     573.671,    5.444e-05,   -8.785e-05
     575.788,    6.045e-04,    8.929e-05
     577.904,    2.625e-04,   -1.566e-04
     580.021,   -2.385e-04,   -2.307e-04
     582.138,   -8.392e-05,   -7.550e-05
     584.255,    2.285e-04,    4.743e-05
     586.372,    1.925e-04,    5.092e-04
     588.489,   -6.405e-05,    5.871e-04
     590.606,   -2.410e-04,    2.283e-04
     592.722,   -3.998e-05,   -3.204e-05
     594.839,    5.163e-04,   -3.221e-04
     596.956,    7.777e-04,   -4.088e-04
     599.073,    5.488e-04,   -1.897e-04
     601.190,    1.955e-04,    2.942e-05
     603.307,   -1.356e-05,   -5.253e-05
     605.424,    6.315e-05,   -7.862e-05
     607.541,    2.056e-04,    3.102e-04
     609.657,    3.518e-04,    5.032e-04
     611.774,    3.987e-04,    3.420e-04
     613.891,    9.817e-05,    1.240e-04
     616.008,   -2.931e-04,   -3.667e-05
     618.125,   -4.207e-04,   -2.861e-05
     620.242,   -5.297e-04,    6.154e-05
     622.359,   -7.363e-04,    2.690e-04
     624.475,   -6.273e-04,    2.734e-04
     626.592,   -5.878e-04,    1.119e-04
     628.709,   -7.995e-04,    2.009e-04
     630.826,   -7.216e-04,    1.578e-04
     632.943,   -5.177e-04,   -5.106e-05
     635.060,   -5.146e-04,   -2.619e-04
     637.177,   -6.476e-04,   -4.658e-04
     639.294,   -7.062e-04,   -5.315e-04
     641.410,   -5.400e-04,   -2.979e-04
     643.527,   -3.913e-04,    8.433e-05
     645.644,   -3.482e-04,    9.701e-05
     647.761,   -2.191e-04,   -9.220e-05
     649.878,   -1.090e-04,   -6.708e-05
     651.995,   -7.472e-05,   -1.201e-04
     654.112,   -5.717e-05,   -3.014e-04
     656.228,   -1.130e-04,   -1.796e-04
     658.345,   -9.607e-05,    1.261e-04
     660.462,   -1.522e-04,    1.463e-04
     662.579,   -6.242e-04,   -3.482e-04
     664.696,   -7.875e-04,   -6.228e-04
     666.813,   -3.359e-04,   -2.739e-04
     668.930,   -3.644e-07,    2.763e-05
     671.047,    1.365e-05,    9.811e-05
     673.163,   -8.684e-05,    1.630e-04
     675.280,   -1.661e-04,    2.462e-04
     677.397,   -2.480e-04,    3.336e-04
     679.514,   -1.889e-04,    2.171e-04
     681.631,    5.567e-05,   -1.744e-04
     683.748,    1.884e-04,   -3.659e-04
     685.865,    1.152e-04,   -2.684e-04
     687.981,   -2.473e-05,   -8.936e-05
     690.098,    6.610e-05,   -1.326e-05
     692.215,    2.280e-04,   -9.463e-05
     694.332,    2.261e-04,   -8.286e-05
     696.449,    2.044e-04,    1.031e-04
     698.566,    9.434e-05,    2.011e-04
     700.683,    1.650e-05,    3.659e-05
     702.800,    1.566e-04,   -5.437e-05
     704.916,    2.405e-04,    1.110e-04
     707.033,    1.565e-04,    1.825e-04
     709.150,    7.578e-05,    2.817e-05
     711.267,    5.016e-06,   -2.409e-04
     713.384,    2.871e-05,   -5.161e-04
     715.501,    1.434e-04,   -4.358e-04
     717.618,    2.881e-04,   -2.260e-04
     719.734,    4.018e-04,   -3.310e-04
     721.851,    3.817e-04,   -3.141e-04
     723.968,    3.805e-04,    2.525e-05
     726.085,    3.939e-04,    2.394e-04
     728.202,    3.014e-04,    6.452e-05
     730.319,    2.539e-04,   -1.226e-04
     732.436,    2.358e-04,    4.173e-05
     734.553,    3.899e-05,    7.303e-05
     736.669,    2.304e-05,   -1.198e-04
     738.786,    2.537e-04,   -1.707e-04
     740.903,    2.528e-04,   -6.524e-05
     743.020,    2.762e-04,    4.937e-05
     745.137,    3.160e-04,   -9.495e-05
     747.254,    2.136e-04,   -1.774e-04
     749.371,    8.979e-05,   -5.009e-05
     751.487,   -3.872e-05,    1.314e-04
     753.604,    6.021e-05,    3.044e-04
     755.721,    1.669e-04,    1.822e-04
     757.838,    5.880e-05,    9.395e-05
     759.955,   -9.038e-05,    1.453e-04
     762.072,   -1.615e-04,   -1.459e-05
     764.189,   -2.236e-04,   -1.374e-04
     766.306,   -3.531e-04,   -1.357e-04
     768.422,   -2.451e-04,   -1.847e-04
     770.539,    5.018e-05,   -6.592e-05
     772.656,   -2.193e-06,    1.509e-04
     774.773,   -1.753e-04,    2.539e-05
     776.890,   -6.945e-05,   -2.253e-04
     779.007,    4.618e-05,   -1.530e-04
     781.124,    7.287e-05,   -2.006e-05
     783.240,    6.347e-05,    2.826e-05
     785.357,    1.398e-04,    1.770e-04
     787.474,    3.116e-04,    1.914e-04
     789.591,    3.133e-04,   -2.780e-05
     791.708,    2.139e-04,   -8.354e-05
     793.825,    1.047e-04,    8.137e-05
     795.942,   -5.280e-05,    1.591e-04
     798.059,   -6.978e-05,    1.100e-04
     800.175,    4.294e-06,    7.805e-05
     802.292,   -9.641e-05,    8.513e-05
     804.409,   -1.109e-04,    7.223e-06
     806.526,    3.529e-05,   -5.859e-05
     808.643,    3.317e-05,   -2.194e-05
     810.760,   -6.458e-05,    1.730e-05
     812.877,   -7.858e-05,    1.468e-05
     814.993,   -2.059e-05,   -7.520e-05
     817.110,   -2.812e-05,   -9.706e-05
     819.227,   -9.392e-06,    1.578e-05
     821.344,    4.206e-05,    7.741e-05
     823.461,    5.701e-05,    6.814e-05
     825.578,    3.353e-05,    5.764e-05
     827.695,   -6.326e-05,    7.809e-05
     829.811,   -2.951e-05,    1.345e-04
     831.928,    3.515e-05,    6.895e-05
     834.045,    6.979e-05,   -1.207e-04
     836.162,    1.808e-04,   -1.249e-04
     838.279,    1.027e-04,   -7.258e-06
     840.396,   -7.832e-05,   -6.647e-05
     842.513,   -1.467e-04,   -1.370e-04
     844.630,   -1.473e-04,   -6.061e-05
     846.746,   -1.310e-04,    5.155e-05
     848.863,   -2.145e-04,    1.034e-04
     850.980,   -2.885e-04,    1.307e-05
     853.097,   -2.331e-04,   -7.761e-05
     855.214,   -2.126e-04,   -4.173e-05
     857.331,   -1.719e-04,    2.239e-05
     859.448,   -1.369e-05,    5.248e-05
     861.564,    5.255e-05,    2.427e-05
     863.681,    3.366e-05,   -8.945e-05
     865.798,   -8.847e-06,   -1.821e-04
     867.915,   -1.163e-04,   -9.520e-05
     870.032,   -1.545e-04,    6.494e-05
     872.149,   -5.838e-05,    9.161e-05
     874.266,    6.660e-05,    1.882e-05
     876.383,    4.527e-05,    4.511e-05
     878.499,   -7.620e-05,    1.487e-04
     880.616,   -1.282e-04,    9.057e-05
     882.733,   -9.767e-05,   -3.391e-05
     884.850,   -1.985e-05,   -4.149e-05
     886.967,   -9.189e-07,   -1.838e-05
     889.084,   -4.517e-05,    1.888e-05
     891.201,   -6.156e-05,    1.322e-04
     893.317,   -3.451e-06,    1.185e-04
     895.434,    1.301e-04,   -1.120e-04
     897.551,    1.745e-04,   -2.264e-04
     899.668,    1.221e-04,   -1.293e-04
     901.785,    1.461e-04,    3.526e-05
     903.902,    1.359e-04,    1.427e-04
     906.019,    5.451e-05,    1.089e-04
     908.136,    5.716e-05,    1.882e-05
     910.252,    3.032e-05,    1.527e-05
     912.369,   -4.770e-05,    8.135e-05
     914.486,   -8.244e-06,    1.049e-04
     916.603,    1.068e-05,    7.437e-05
     918.720,   -2.663e-05,    3.200e-05
     920.837,    4.742e-05,   -2.651e-05
     922.954,    4.080e-05,   -3.554e-05
     925.070,   -3.352e-05,    5.929e-05
     927.187,    2.515e-05,    1.090e-04
     929.304,    1.485e-04,   -3.050e-05
     931.421,    1.716e-04,   -1.579e-04
     933.538,    4.654e-05,   -7.068e-05
     935.655,   -3.270e-06,   -3.906e-05
     937.772,    1.406e-05,   -6.883e-05
     939.889,    7.996e-06,    2.427e-05
     942.005,    3.032e-06,    7.278e-05
     944.122,   -5.481e-05,    1.204e-05
     946.239,   -4.723e-06,    1.247e-06
     948.356,    1.849e-04,    1.788e-05
     950.473,    2.756e-04,   -3.173e-05
     952.590,    2.415e-04,   -4.708e-05
     954.707,    1.180e-04,   -2.601e-05
     956.823,   -2.656e-05,   -6.509e-05
     958.940,   -2.514e-05,   -9.386e-05
     961.057,    4.083e-05,   -1.087e-04
     963.174,    2.974e-05,   -9.421e-05
     965.291,   -2.705e-05,    5.276e-05
     967.408,   -5.892e-05,    8.637e-05
     969.525,   -4.009e-05,   -6.429e-05
     971.642,   -1.026e-05,   -9.641e-05
     973.758,    1.470e-06,   -4.715e-05
     975.875,    1.541e-05,   -8.334e-05
     977.992,    3.718e-05,   -4.272e-05
     980.109,    3.059e-05,    6.266e-05
     982.226,   -1.179e-05,    5.694e-05
     984.343,   -6.513e-05,    2.369e-06
     986.460,   -1.361e-04,   -6.310e-06
     988.576,   -1.829e-04,   -2.382e-05
     990.693,   -9.873e-05,   -4.787e-05
     992.810,    6.180e-05,   -3.063e-05
     994.927,    1.455e-04,   -4.813e-05
     997.044,    1.444e-04,   -8.235e-05
     999.161,    9.914e-05,   -4.342e-05
    1001.278,    4.662e-05,    2.361e-05
    1003.395,    3.645e-05,   -2.887e-05
    1005.511,   -2.819e-05,   -1.069e-04
    1007.628,   -9.154e-05,   -4.940e-05
    1009.745,    1.398e-05,    3.522e-05
    1011.862,    3.719e-05,    2.804e-05
    1013.979,   -1.179e-04,   -1.100e-05
    1016.096,   -1.587e-04,    3.403e-05
    1018.213,   -6.671e-05,    1.294e-04
    1020.329,    2.339e-05,    1.132e-04
    1022.446,    3.236e-05,    3.429e-09
    1024.563,   -2.201e-05,   -2.931e-05
    1026.680,    2.607e-06,   -2.057e-05
    1028.797,    4.542e-05,   -2.651e-05
    1030.914,    3.864e-05,   -8.896e-07
    1033.031,    5.926e-05,   -4.261e-05
    1035.148,    7.519e-05,   -8.275e-05
    1037.264,    8.781e-05,   -1.182e-05
    1039.381,    1.467e-04,    4.985e-05
    1041.498,    1.684e-04,    4.311e-05
    1043.615,    1.253e-04,    8.004e-06
    1045.732,    8.404e-05,   -2.283e-06
    1047.849,    2.856e-05,    2.951e-05
    1049.966,   -6.985e-06,    3.464e-06
    1052.082,    8.601e-07,   -6.987e-05
    1054.199,   -1.566e-06,   -1.004e-04
    1056.316,   -3.583e-06,   -5.753e-05
    1058.433,    5.120e-05,   -1.247e-05
    1060.550,    1.198e-04,   -3.315e-05
    1062.667,    1.173e-04,   -4.376e-05
    1064.784,    1.016e-04,   -3.748e-05
    1066.900,    7.374e-05,   -2.214e-05
    1069.017,   -5.215e-07,   -5.974e-06
    1071.134,   -3.765e-05,   -8.110e-06
    1073.251,   -3.065e-05,    1.373e-04
    1075.368,   -4.667e-05,    3.307e-04
    1077.485,   -5.596e-05,    2.580e-04
    1079.602,   -1.334e-05,    6.913e-05
    1081.719,    7.572e-06,   -3.506e-05
    1083.835,    3.863e-06,   -6.411e-05
    1085.952,   -2.849e-06,   -4.526e-05
    1088.069,   -5.935e-05,   -2.626e-05
    1090.186,   -5.609e-05,   -2.173e-05
    1092.303,    1.972e-05,   -3.556e-05
    1094.420,    2.336e-05,   -4.985e-05
    1096.537,    1.496e-05,   -3.674e-05
    1098.653,    3.784e-05,   -4.840e-05
    1100.770,    1.357e-05,   -6.801e-05
    1102.887,    1.675e-05,   -2.090e-05
    1105.004,    8.673e-05,    1.610e-05
    1107.121,    9.147e-05,    3.553e-05
    1109.238,    1.065e-05,    7.473e-05
    1111.355,   -6.599e-05,    8.145e-05
    1113.472,   -5.756e-05,    1.775e-06
    1115.588,   -4.052e-06,   -6.152e-05
    1117.705,    2.508e-05,   -3.995e-05
    1119.822,    6.518e-05,   -6.871e-05
    1121.939,    9.509e-05,   -6.788e-05
    1124.056,    1.131e-04,   -2.604e-05
    1126.173,    1.094e-04,   -5.249e-05
    1128.290,    5.657e-05,   -2.648e-05
    1130.406,   -5.641e-06,    4.467e-05
    1132.523,   -6.039e-05,    9.712e-05
    1134.640,   -1.063e-04,    1.165e-04
    1136.757,   -1.224e-04,    8.104e-05
    1138.874,   -8.436e-05,    8.095e-05
    1140.991,   -3.514e-05,    7.061e-05
    1143.108,   -2.171e-05,    2.467e-05
    1145.225,    1.746e-05,    3.880e-05
    1147.341,    7.547e-05,    6.827e-05
    1149.458,    4.567e-05,    5.369e-05
    1151.575,   -4.791e-05,    2.994e-05
    1153.692,   -1.196e-04,   -9.263e-07
    1155.809,   -7.952e-05,   -2.520e-05
    1157.926,    1.307e-05,    5.393e-05
    1160.043,   -2.142e-05,    1.082e-04
    1162.159,   -8.329e-05,    6.640e-05
    1164.276,   -6.165e-05,    7.411e-05
    1166.393,   -4.820e-05,    6.731e-05
    1168.510,   -6.809e-05,   -2.153e-05
    1170.627,   -8.798e-05,   -6.350e-05
    1172.744,   -7.726e-05,   -8.163e-06
    1174.861,   -6.193e-05,    3.683e-05
    1176.978,   -6.634e-05,    1.982e-05
    1179.094,   -2.781e-05,   -3.157e-05
    1181.211,   -8.740e-06,   -5.519e-05
    1183.328,   -2.451e-05,   -5.779e-05
    1185.445,    4.614e-06,   -8.339e-05
    1187.562,    1.435e-05,   -9.993e-05
    1189.679,   -3.728e-05,   -5.790e-05
    1191.796,   -6.303e-05,    2.317e-05
    1193.912,   -1.280e-05,    3.643e-05
    1196.029,    1.616e-05,    1.674e-05
    1198.146,    1.969e-05,    4.678e-05
    1200.263,    6.428e-05,    9.171e-05
    1202.380,    9.747e-05,    1.162e-04
    1204.497,    7.565e-05,    6.454e-05
    1206.614,    4.243e-05,   -3.274e-05
    1208.731,    5.482e-05,   -4.336e-05
    1210.847,    6.728e-05,   -5.978e-06
    1212.964,    6.674e-05,   -3.981e-05
    1215.081,    9.228e-05,   -6.121e-05
    1217.198,    8.761e-05,   -7.050e-06
    1219.315,    4.760e-05,    2.838e-05
    1221.432,    3.896e-06,    3.461e-05
    1223.549,   -2.831e-05,    4.810e-05
    1225.665,   -2.091e-05,    4.830e-05
    1227.782,    2.023e-05,    1.136e-05
    1229.899,    3.860e-05,   -2.324e-05
    1232.016,    1.550e-05,   -3.809e-05
    1234.133,    2.230e-05,   -2.719e-05
    1236.250,    6.476e-05,    2.455e-05
    1238.367,    7.625e-05,    3.418e-05
    1240.484,    1.830e-05,   -6.898e-07
    1242.600,   -3.262e-05,    3.196e-06
    1244.717,   -1.106e-05,    4.576e-05
    1246.834,   -1.171e-05,    9.923e-05
    1248.951,   -6.894e-05,    8.635e-05
    1251.068,   -8.240e-05,    3.759e-06
    1253.185,   -4.585e-05,   -2.748e-05
    1255.302,   -2.439e-06,   -3.539e-05
    1257.418,    8.447e-06,   -5.131e-05
    1259.535,   -5.002e-06,   -2.821e-05
    1261.652,    2.538e-05,    7.882e-07
    1263.769,    2.479e-05,    2.083e-05
    1265.886,   -8.944e-06,    3.917e-05
    1268.003,   -1.657e-05,    5.455e-05
    1270.120,   -1.859e-05,    5.174e-05
    1272.237,    1.844e-05,    1.086e-05
    1274.353,    2.366e-05,   -2.996e-05
    1276.470,   -1.081e-06,   -2.670e-05
    1278.587,    3.845e-05,   -1.136e-05
    1280.704,    7.426e-05,    7.470e-06
    1282.821,    7.118e-05,    2.116e-05
    1284.938,    3.080e-05,   -2.412e-05
    1287.055,   -2.626e-06,   -2.747e-05
    1289.171,    2.878e-05,    1.390e-05
    1291.288,    4.161e-05,   -2.165e-05
    1293.405,    1.703e-05,   -5.285e-05
    1295.522,    1.832e-05,   -1.457e-05
    1297.639,    2.890e-05,    5.208e-05
    1299.756,    1.813e-05,    8.445e-05
    1301.873,    8.102e-06,    4.377e-05
    1303.989,    1.805e-05,   -1.300e-05
    1306.106,    1.433e-05,   -3.355e-05
    1308.223,   -1.352e-06,   -3.501e-05
    1310.340,   -7.850e-06,   -2.896e-05
    1312.457,   -1.936e-05,    9.758e-06
    1314.574,   -3.641e-05,    4.020e-05
    1316.691,   -4.378e-05,    2.634e-05
    1318.808,   -5.486e-05,    1.344e-05
    1320.924,   -5.373e-05,    2.238e-05
    1323.041,   -3.955e-05,    2.510e-05
    1325.158,   -3.583e-05,    1.038e-06
    1327.275,   -2.670e-05,   -2.609e-05
    1329.392,   -2.027e-05,   -4.191e-05
    1331.509,   -6.421e-06,   -4.441e-05
    1333.626,   -9.914e-06,   -7.062e-06
    1335.742,   -2.951e-05,    3.305e-05
    1337.859,   -1.530e-05,    1.793e-05
    1339.976,   -7.332e-06,    8.005e-06
    1342.093,    9.741e-07,    8.499e-06
    1344.210,    1.419e-05,   -1.452e-06
    1346.327,   -6.651e-06,    5.403e-06
    1348.444,   -4.185e-05,    1.995e-05
    1350.561,   -6.386e-05,    1.733e-05
    1352.677,   -2.945e-05,   -7.951e-06
    1354.794,    2.242e-05,    5.948e-06
    1356.911,    3.209e-05,    4.613e-05
    1359.028,    1.433e-05,    6.505e-05
    1361.145,   -3.029e-05,    4.759e-05
    1363.262,   -6.758e-05,    1.581e-05
    1365.379,   -6.351e-05,    5.428e-06
    1367.495,   -2.340e-05,   -2.913e-06
    1369.612,    2.480e-05,   -2.575e-05
    1371.729,    3.396e-05,   -4.859e-05
    1373.846,    3.159e-05,   -9.631e-06
    1375.963,    2.121e-05,    5.208e-05
    1378.080,    2.933e-06,    5.761e-05
    1380.197,    4.214e-06,    3.632e-05
    1382.314,   -6.319e-06,    4.842e-06
    1384.430,   -4.082e-05,   -2.099e-05
    1386.547,   -7.871e-05,   -5.790e-06
    1388.664,   -4.283e-05,    1.531e-05
    1390.781,    3.082e-05,    2.168e-05
    1392.898,    9.081e-06,    1.663e-05
    1395.015,   -2.843e-05,    4.475e-06
    1397.132,    1.984e-05,    4.067e-06
    1399.248,    4.434e-05,   -9.304e-06
    1401.365,    1.682e-05,   -1.638e-05
    1403.482,    2.666e-05,   -1.540e-05
    1405.599,    3.004e-05,   -1.801e-05
    1407.716,    1.537e-05,   -6.159e-06
    1409.833,    3.164e-05,   -2.078e-06
    1411.950,    1.157e-05,   -9.875e-07
    1414.067,   -3.493e-05,   -1.439e-05
    1416.183,   -2.326e-05,   -5.941e-05
    1418.300,    1.226e-05,   -5.728e-05
    1420.417,   -1.251e-05,   -1.022e-05
    1422.534,   -8.779e-05,    2.545e-05
    1424.651,   -7.274e-05,    3.268e-05
    1426.768,    1.920e-05,   -1.043e-05
    1428.885,    4.901e-05,   -2.882e-05
    1431.001,    3.384e-05,   -4.375e-06
    1433.118,    2.070e-05,    7.132e-06
    1435.235,    1.269e-05,   -4.964e-06
    1437.352,    2.188e-05,   -1.694e-05
    1439.469,    2.133e-05,   -6.576e-06
    1441.586,   -1.271e-05,    3.904e-06
    1443.703,   -1.501e-05,    2.198e-05
    1445.820,    2.998e-06,    3.633e-05
    1447.936,   -1.729e-05,    2.938e-05
    1450.053,   -3.070e-05,    3.736e-05
    1452.170,    3.146e-06,    3.896e-05
    1454.287,    3.754e-05,    3.140e-05
    1456.404,    9.539e-06,    3.363e-05
    1458.521,   -1.682e-05,    2.387e-05
    1460.638,    8.565e-06,    2.203e-05
    1462.754,    2.482e-05,    1.359e-05
    1464.871,    2.871e-05,   -2.293e-05
    1466.988,    2.795e-05,   -3.486e-05
    1469.105,    4.651e-06,   -1.471e-05
    1471.222,   -1.649e-05,   -1.228e-05
    1473.339,   -2.642e-05,   -1.041e-05
    1475.456,    4.419e-06,    1.453e-06
    1477.573,    6.340e-05,    1.777e-05
    1479.689,    6.632e-05,    4.832e-05
    1481.806,    1.758e-05,    4.907e-05
    1483.923,   -1.735e-05,    1.677e-06
    1486.040,   -1.419e-05,   -3.311e-05
    1488.157,   -4.970e-06,   -5.597e-06
    1490.274,   -1.492e-06,    2.654e-05
    1492.391,   -4.708e-06,    1.814e-05
    1494.507,   -2.258e-05,    2.746e-05
    1496.624,   -5.312e-06,    5.394e-05
    1498.741,    4.744e-05,    3.753e-05
    1500.858,    4.333e-05,   -5.564e-07
    1502.975,   -8.428e-07,   -2.787e-05
    1505.092,    1.397e-05,   -5.494e-05
    1507.209,    3.496e-05,   -5.402e-05
    1509.326,    3.102e-06,   -1.839e-05
    1511.442,    6.049e-06,    1.854e-06
    1513.559,    2.000e-05,   -2.082e-06
    1515.676,   -1.825e-05,   -3.235e-06
    1517.793,   -3.954e-05,    1.627e-06
    1519.910,   -1.891e-05,   -8.264e-06
    1522.027,   -8.120e-06,   -3.983e-05
    1524.144,   -2.123e-05,   -4.659e-05
    1526.260,   -2.132e-05,   -2.568e-05
    1528.377,   -1.813e-05,   -9.979e-06
    1530.494,   -5.911e-06,    1.270e-06
    1532.611,    2.925e-05,   -3.565e-05
    1534.728,    2.647e-05,   -7.493e-05
    1536.845,   -6.660e-06,   -3.213e-05
    1538.962,   -8.918e-06,    1.172e-05
    1541.078,    5.927e-06,    2.940e-06
    1543.195,   -7.292e-06,   -5.681e-06
    1545.312,   -1.340e-05,   -9.491e-06
    1547.429,    1.242e-07,   -2.721e-05
    1549.546,   -2.750e-06,   -3.510e-05
    1551.663,    1.336e-05,   -2.248e-05
    1553.780,    4.683e-05,   -5.867e-06
    1555.897,    5.239e-05,    3.740e-06
    1558.013,    2.323e-05,    3.783e-06
    1560.130,   -8.390e-06,    8.667e-06
    1562.247,   -1.153e-05,    9.608e-06
    1564.364,    9.942e-06,    1.429e-05
    1566.481,    1.447e-05,    2.719e-05
    1568.598,    4.170e-06,    1.839e-05
    1570.715,    1.733e-05,   -1.042e-06
    1572.831,    1.753e-05,   -7.023e-06
    1574.948,   -1.019e-05,   -1.503e-06
    1577.065,   -2.840e-05,   -8.885e-06
    1579.182,   -1.812e-05,   -1.119e-05
    1581.299,   -1.133e-05,   -1.117e-06
    1583.416,   -7.794e-06,    4.812e-06
    1585.533,    2.226e-05,    2.232e-05
    1587.650,    3.958e-05,    3.042e-05
    1589.766,    3.260e-05,    1.435e-05
    1591.883,    1.911e-05,    3.832e-06
    1594.000,    1.294e-05,    6.043e-06
    1596.117,    1.198e-05,    9.664e-07
    1598.234,   -1.050e-05,   -1.697e-05
    1600.351,   -3.082e-05,   -2.064e-05
    1602.468,   -2.789e-05,   -1.276e-06
    1604.584,   -1.782e-05,   -1.099e-07
    1606.701,    3.041e-06,   -1.359e-05
    1608.818,    4.983e-06,    3.574e-06
    1610.935,   -2.372e-05,    2.101e-05
    1613.052,   -2.426e-05,    1.062e-05
    1615.169,   -1.033e-06,    3.653e-06
    1617.286,    7.221e-06,    1.746e-06
    1619.403,    1.543e-05,   -1.644e-06
    1621.519,    2.022e-05,   -6.921e-06
    1623.636,    3.443e-06,   -1.421e-05
    1625.753,   -5.915e-06,   -1.863e-05
    1627.870,    1.256e-05,   -1.918e-05
    1629.987,    3.019e-05,   -2.735e-05
    1632.104,    1.688e-05,   -5.252e-05
    1634.221,   -2.886e-06,   -4.784e-05
    1636.337,   -9.157e-06,   -6.507e-06
    1638.454,   -5.898e-06,    1.490e-05
    1640.571,   -6.840e-06,    1.940e-05
    1642.688,   -1.130e-05,    2.048e-05
    1644.805,   -5.462e-06,    1.410e-05
    1646.922,   -8.299e-06,    3.161e-06
    1649.039,    8.192e-07,   -4.392e-06
    1651.156,    2.141e-05,    2.516e-05
    1653.272,    1.224e-05,    3.939e-05
    1655.389,   -1.049e-05,   -7.467e-06
    1657.506,   -1.765e-05,   -2.784e-05
    1659.623,   -1.518e-05,   -7.877e-06
    1661.740,    2.498e-06,   -1.511e-05
    1663.857,    2.945e-05,   -3.688e-05
    1665.974,    4.003e-05,   -2.923e-05
    1668.090,    1.769e-05,   -4.539e-06
    1670.207,   -2.284e-05,    1.161e-05
    1672.324,   -1.983e-05,    8.702e-06
    1674.441,    2.442e-06,    7.365e-06
    1676.558,   -9.683e-06,    9.366e-06
    1678.675,   -8.676e-06,   -4.100e-06
    1680.792,    7.317e-06,   -4.931e-06
    1682.909,    6.201e-06,    3.669e-06
    1685.025,    1.899e-05,    5.878e-06
    1687.142,    3.160e-05,    9.064e-06
    1689.259,    2.783e-05,    1.136e-05
    1691.376,    2.609e-05,    2.052e-05
    1693.493,    1.199e-05,    2.972e-05
    1695.610,   -6.524e-06,    1.798e-05
    1697.727,   -2.858e-05,    7.831e-06
    1699.843,   -3.175e-05,    3.696e-06
    1701.960,    4.928e-06,   -1.064e-05
    1704.077,    1.673e-05,   -1.327e-05
    1706.194,   -2.374e-06,    1.786e-07
    1708.311,   -1.338e-05,    9.967e-06
    1710.428,   -1.844e-05,    1.636e-05
    1712.545,   -1.497e-05,    3.286e-05
    1714.662,   -1.044e-05,    3.851e-05
    1716.778,   -1.644e-05,    2.240e-05
    1718.895,   -1.220e-05,    2.002e-05
    1721.012,   -1.662e-06,    1.857e-05
    1723.129,   -7.718e-06,    6.718e-06
    1725.246,   -1.531e-05,    1.065e-05
    1727.363,   -5.850e-06,    1.235e-05
    1729.480,    7.422e-06,    1.155e-05
    1731.596,   -6.972e-07,    1.409e-05
    1733.713,   -1.530e-05,    5.993e-06
    1735.830,   -2.622e-05,   -2.755e-06
    1737.947,   -3.806e-05,   -1.372e-07
    1740.064,   -1.315e-05,    3.735e-06
    1742.181,    2.863e-05,   -5.204e-06
    1744.298,    3.371e-05,   -1.864e-05
    1746.415,    2.326e-05,   -1.302e-05
    1748.531,    7.403e-06,    1.032e-05
    1750.648,   -7.125e-06,    1.359e-05
    1752.765,   -3.555e-06,   -8.932e-07
    1754.882,   -4.915e-06,   -1.307e-05
    1756.999,   -6.217e-06,   -2.966e-05
    1759.116,   -1.971e-06,   -2.017e-05
    1761.233,   -1.301e-06,    1.342e-06
    1763.349,    9.395e-06,    1.428e-06
    1765.466,    1.193e-05,    5.253e-06
    1767.583,    9.924e-06,    1.091e-05
    1769.700,    1.421e-05,    1.170e-05
    1771.817,    4.591e-06,    1.540e-05
    1773.934,   -4.850e-06,    1.974e-05
    1776.051,   -3.501e-06,    1.359e-05
    1778.167,    3.568e-07,   -3.801e-06
    1780.284,    1.193e-05,   -7.775e-06
    1782.401,    1.953e-05,    5.947e-06
    1784.518,    1.207e-06,    1.327e-05
    1786.635,   -1.585e-05,    1.244e-05
    1788.752,   -8.172e-06,    1.052e-05
    1790.869,   -2.689e-06,    1.636e-05
    1792.986,   -1.309e-06,    2.236e-05
    1795.102,    1.011e-05,    1.188e-05
    1797.219,    1.193e-05,    8.270e-06
    1799.336,   -2.373e-06,    1.649e-05
    1801.453,   -6.225e-06,    4.243e-06
    1803.570,    6.072e-06,   -1.792e-05
    1805.687,    8.239e-06,   -1.870e-05
    1807.804,   -4.642e-07,   -7.196e-06
    1809.920,   -1.374e-06,    9.887e-06
    1812.037,    4.340e-06,    2.531e-05
    1814.154,    1.125e-05,    2.029e-05
    1816.271,    6.952e-06,    6.800e-06
    1818.388,   -4.882e-06,   -1.059e-05
    1820.505,    1.031e-06,   -1.806e-05
    1822.622,    9.670e-07,    6.448e-06
    1824.739,   -1.547e-05,    1.007e-05
    1826.855,   -1.709e-05,   -1.318e-05
    1828.972,   -8.854e-06,   -1.781e-05
    1831.089,   -3.710e-06,   -1.631e-05
    1833.206,   -7.713e-06,   -1.511e-05
    1835.323,   -6.254e-06,   -1.366e-05
    1837.440,    9.140e-06,   -5.459e-06
    1839.557,    1.508e-05,    1.308e-05
    1841.673,    1.226e-05,    2.477e-05
    1843.790,    7.492e-06,    1.618e-05
    1845.907,    3.372e-07,   -1.031e-05
    1848.024,    2.918e-06,   -2.541e-05
    1850.141,    1.679e-05,   -1.306e-05
    1852.258,    2.226e-05,    4.657e-06
    1854.375,    5.564e-06,    1.432e-05
    1856.492,   -1.035e-05,    2.270e-05
    1858.608,   -1.684e-05,    2.144e-05
    1860.725,   -2.149e-05,    7.231e-06
    1862.842,   -1.444e-05,   -1.821e-05
    1864.959,   -6.885e-06,   -2.957e-05
    1867.076,    8.676e-06,   -2.885e-06
    1869.193,    1.916e-05,    9.198e-06
    1871.310,    1.769e-06,   -7.043e-07
    1873.426,   -1.639e-05,    1.351e-05
    1875.543,   -2.013e-05,    2.596e-05
    1877.660,   -5.008e-06,    1.757e-05
    1879.777,    1.699e-05,    2.241e-06
    1881.894,    1.939e-05,   -3.409e-06
    1884.011,    1.655e-05,    7.286e-06
    1886.128,    2.131e-05,    1.089e-05
    1888.245,    1.082e-05,    5.775e-06
    1890.361,    2.566e-06,    5.507e-06
    1892.478,    6.951e-06,    1.250e-05
    1894.595,    1.327e-06,    1.154e-05
    1896.712,   -4.761e-06,   -6.870e-06
    1898.829,    5.189e-07,   -1.028e-05
    1900.946,    7.872e-06,    1.257e-05
    1903.063,    5.473e-06,    1.418e-05
    1905.179,   -2.473e-06,   -8.542e-07
    1907.296,   -5.339e-06,    6.290e-06
    1909.413,   -1.814e-06,    2.197e-05
    1911.530,    2.778e-06,    2.453e-05
    1913.647,    1.964e-06,    9.258e-06
    1915.764,    2.113e-06,   -2.392e-06
    1917.881,    8.198e-06,    3.309e-07
    1919.998,    1.251e-05,    2.628e-06
    1922.114,    1.184e-05,   -1.832e-06
    1924.231,    1.467e-05,    2.987e-06
    1926.348,    2.132e-05,    1.284e-05
    1928.465,    2.015e-05,    9.464e-06
    1930.582,    1.015e-05,    7.541e-06
    1932.699,   -1.735e-06,    4.680e-06
    1934.816,    1.909e-07,   -1.097e-06
    1936.932,    1.426e-05,   -3.074e-06
    1939.049,    9.187e-06,   -1.042e-05
    1941.166,   -1.343e-05,   -1.523e-05
    1943.283,   -2.549e-05,   -8.938e-06
    1945.400,   -2.472e-05,   -2.324e-06
    1947.517,   -2.694e-05,    1.002e-06
    1949.634,   -1.719e-05,    8.718e-06
    1951.751,    4.596e-06,    1.218e-05
    1953.867,    6.233e-06,    5.753e-07
    1955.984,   -5.740e-06,   -1.307e-05
    1958.101,   -9.913e-06,   -1.133e-05
    1960.218,    7.095e-06,   -1.484e-06
    1962.335,    2.769e-05,    4.810e-06
    1964.452,    1.448e-05,    1.470e-05
    1966.569,   -1.118e-05,    1.646e-05
    1968.685,   -2.835e-06,    8.301e-06
    1970.802,    1.494e-05,    5.947e-06
    1972.919,    5.797e-06,    1.976e-06
    1975.036,   -7.768e-06,    2.617e-06
    1977.153,    7.147e-07,   -2.467e-07
    1979.270,    1.033e-05,   -7.583e-06
    1981.387,   -5.738e-08,    3.753e-06
    1983.504,   -1.915e-05,    1.118e-05
    1985.620,   -2.623e-05,    4.272e-06
    1987.737,   -1.395e-05,   -1.554e-06
    1989.854,   -1.320e-06,   -4.069e-06
    1991.971,   -5.405e-06,    3.178e-06
    1994.088,   -1.444e-05,    9.472e-06
    1996.205,   -1.519e-05,    4.777e-08
    1998.322,   -1.183e-05,   -1.506e-06
    2000.438,   -4.344e-06,    4.160e-06
    2002.555,    1.775e-06,    1.432e-06
    2004.672,    1.004e-05,    3.377e-06
    2006.789,    1.117e-05,    5.346e-06
    2008.906,    8.354e-07,    9.317e-06
    2011.023,    1.429e-06,    1.330e-05
    2013.140,   -1.986e-06,    1.218e-05
    2015.256,   -1.001e-05,    7.417e-06
    2017.373,   -6.706e-06,    7.571e-07
    2019.490,    2.083e-06,   -2.921e-06
    2021.607,    1.001e-05,   -1.362e-05
    2023.724,   -7.698e-08,   -1.039e-05
    2025.841,   -5.244e-06,    5.104e-06
    2027.958,    7.164e-06,    1.055e-05
    2030.075,    7.785e-06,    1.653e-05
    2032.191,    6.801e-06,    1.154e-05
    2034.308,    5.118e-06,    1.968e-06
    2036.425,   -1.099e-05,    1.355e-05
    2038.542,   -1.919e-05,    1.705e-05
    2040.659,   -1.028e-06,   -3.780e-06
    2042.776,    1.203e-05,   -9.425e-06
    2044.893,    2.489e-06,   -3.127e-06
    2047.009,    1.989e-08,   -1.113e-05
    2049.126,    2.565e-06,   -1.679e-05
    2051.243,   -1.723e-06,    2.336e-06
    2053.360,    2.939e-06,    1.805e-05
    2055.477,    6.580e-06,    9.308e-06
    2057.594,    2.143e-06,   -1.250e-06
    2059.711,    3.729e-06,   -1.032e-05
    2061.828,   -6.617e-07,   -2.023e-05
    2063.944,   -5.824e-06,   -2.344e-05
    2066.061,    1.659e-06,   -1.092e-05
    2068.178,    1.194e-05,   -7.157e-07
    2070.295,    1.344e-05,   -1.143e-05
    2072.412,    8.186e-06,   -2.002e-05
    2074.529,    6.967e-06,   -3.359e-06
    2076.646,    1.042e-06,    1.439e-05
    2078.762,   -4.904e-06,    1.398e-05
    2080.879,   -5.004e-06,    1.033e-05
    2082.996,   -7.022e-06,    9.565e-06
    2085.113,   -6.161e-06,    1.146e-05
    2087.230,   -1.319e-06,   -8.103e-06
    2089.347,    6.408e-06,   -3.162e-05
    2091.464,    3.720e-07,   -2.085e-05
    2093.581,   -5.063e-06,   -1.697e-06
    2095.697,    5.971e-06,    5.276e-07
    2097.814,    2.834e-06,    4.758e-06
    2099.931,   -6.009e-06,    2.738e-05
    2102.048,   -6.537e-06,    3.211e-05
    2104.165,   -7.085e-06,    9.029e-06
    2106.282,   -1.296e-06,   -7.847e-07
    2108.399,    7.250e-06,    8.858e-06
    2110.515,    6.068e-06,    8.498e-06
    2112.632,    1.400e-06,   -6.286e-06
    2114.749,   -2.706e-06,   -1.186e-05
    2116.866,   -3.085e-06,   -5.799e-06
    2118.983,    5.563e-06,    1.155e-06
    2121.100,    1.985e-05,    2.251e-06
    2123.217,    2.252e-05,    6.417e-07
    2125.334,   -1.455e-06,    5.227e-06
    2127.450,   -1.951e-05,    9.632e-06
    2129.567,   -1.354e-05,    8.811e-06
    2131.684,   -8.250e-06,    8.147e-06
    2133.801,   -1.842e-08,    9.666e-06
    2135.918,    7.440e-06,    3.681e-06
    2138.035,    3.395e-06,   -9.843e-06
    2140.152,   -1.696e-06,   -1.443e-05
    2142.268,   -3.475e-06,   -1.416e-05
    2144.385,    3.689e-06,   -1.793e-05
    2146.502,    6.649e-06,   -1.084e-05
    2148.619,    3.673e-06,    2.981e-06
    2150.736,    8.446e-06,    1.859e-06
    2152.853,    1.137e-05,    4.380e-06
    2154.970,    8.334e-06,    1.647e-05
    2157.087,    7.527e-06,    1.870e-05
    2159.203,    1.172e-05,    1.392e-05
    2161.320,    1.490e-05,    1.756e-06
    2163.437,    6.229e-06,   -1.148e-05
    2165.554,   -8.607e-06,   -1.717e-05
    2167.671,   -1.481e-05,   -1.718e-05
    2169.788,   -1.101e-05,   -1.352e-05
    2171.905,   -5.871e-06,   -8.031e-06
    2174.021,   -1.097e-05,   -7.360e-06
    2176.138,   -1.565e-05,   -8.459e-06
    2178.255,   -2.060e-06,   -4.281e-06
    2180.372,    1.428e-05,    1.669e-06
    2182.489,    1.449e-05,    1.019e-06
    2184.606,    4.750e-06,   -4.727e-06
    2186.723,    5.521e-06,   -3.545e-06
    2188.840,    1.361e-05,    1.257e-06
    2190.956,    3.503e-06,    2.472e-06
    2193.073,   -1.095e-05,   -1.119e-06
    2195.190,   -1.035e-05,   -3.860e-06
    2197.307,   -9.491e-06,   -7.214e-06
    2199.424,   -6.533e-06,   -8.101e-06
    2201.541,    3.168e-06,    3.477e-06
    2203.658,    5.652e-06,    1.628e-05
    2205.774,    4.614e-06,    1.919e-05
    2207.891,    8.148e-06,    1.058e-05
    2210.008,    9.006e-06,   -4.039e-06
    2212.125,    6.884e-06,   -1.145e-05
    2214.242,    5.320e-06,   -7.970e-06
    2216.359,    1.422e-06,   -2.346e-06
    2218.476,    4.580e-06,   -2.616e-06
    2220.593,    1.265e-05,   -5.201e-06
    2222.709,    1.476e-05,   -3.739e-06
    2224.826,    1.258e-05,    2.191e-06
    2226.943,    5.767e-06,    6.399e-06
    2229.060,   -2.564e-06,    3.199e-06
    2231.177,   -2.762e-06,   -5.535e-06
    2233.294,    3.322e-06,   -9.038e-06
    2235.411,    5.749e-07,   -4.039e-06
    2237.527,   -6.086e-06,   -1.516e-06
    2239.644,   -1.028e-06,   -4.445e-06
    2241.761,    9.195e-06,   -3.759e-06
    2243.878,    1.164e-05,    4.734e-06
    2245.995,    9.698e-06,    6.014e-06
    2248.112,    1.206e-05,   -1.246e-06
    2250.229,    1.173e-05,   -5.475e-06
    2252.345,    5.445e-06,   -2.064e-06
    2254.462,    1.986e-06,    3.515e-06
    2256.579,   -1.444e-06,    9.997e-07
    2258.696,   -6.953e-07,   -4.790e-06
    2260.813,    2.998e-06,   -4.177e-06
    2262.930,    2.694e-06,    8.122e-06
    2265.047,    1.468e-06,    1.848e-05
    2267.164,   -2.079e-06,    1.323e-05
    2269.280,   -4.359e-06,    1.192e-06
    2271.397,   -3.665e-06,   -7.281e-06
    2273.514,    6.616e-06,   -7.946e-06
    2275.631,    1.387e-05,   -2.063e-06
    2277.748,    3.632e-06,   -3.997e-06
    2279.865,    3.384e-06,   -7.529e-06
    2281.982,    1.346e-05,   -1.316e-06
    2284.098,    3.439e-06,    1.094e-06
    2286.215,   -1.945e-05,    3.720e-06
    2288.332,   -2.349e-05,    6.081e-06
    2290.449,   -8.313e-06,    1.219e-06
    2292.566,    2.799e-06,    1.035e-06
    2294.683,    1.703e-06,    4.404e-07
    2296.800,   -1.899e-06,   -1.020e-06
    2298.917,   -2.661e-06,   -2.351e-06
    2301.033,   -4.906e-06,   -6.129e-06
    2303.150,   -3.279e-06,   -1.199e-06
    2305.267,   -4.126e-07,    4.990e-06
    2307.384,   -1.914e-06,    1.037e-05
    2309.501,   -2.119e-06,    9.975e-06
    2311.618,   -4.825e-06,   -1.257e-07
    2313.735,   -9.260e-06,   -3.110e-06
    2315.851,   -3.629e-06,   -3.420e-06
    2317.968,    6.191e-06,   -6.300e-06
    2320.085,    1.988e-06,   -5.953e-06
    2322.202,   -8.033e-06,   -8.178e-07
    2324.319,   -7.252e-06,    6.850e-06
    2326.436,   -3.448e-06,    1.041e-05
    2328.553,    6.835e-08,    5.327e-06
    2330.670,    1.084e-05,   -6.589e-06
    2332.786,    1.679e-05,   -1.198e-05
    2334.903,    1.043e-05,   -7.475e-06
    2337.020,    7.301e-06,    1.301e-07
    2339.137,    6.044e-06,    7.660e-06
    2341.254,    4.069e-06,    5.686e-06
    2343.371,    6.589e-06,   -7.220e-06
    2345.488,    6.110e-06,   -1.032e-05
    2347.604,   -8.488e-07,   -2.155e-07
    2349.721,   -1.232e-05,   -2.873e-06
    2351.838,   -2.100e-05,   -1.253e-05
    2353.955,   -2.120e-05,   -8.457e-06
    2356.072,   -1.578e-05,   -4.061e-06
    2358.189,   -6.982e-06,   -4.653e-06
    2360.306,    2.816e-07,   -7.372e-07
    2362.423,    9.603e-07,    6.897e-06
    2364.539,    3.977e-06,    8.752e-06
    2366.656,    1.407e-05,    1.013e-06
    2368.773,    1.391e-05,   -1.087e-05
    2370.890,    6.715e-06,   -2.035e-05
    2373.007,    6.756e-06,   -1.648e-05
    2375.124,    5.467e-06,   -4.795e-06
    2377.241,   -1.032e-06,   -4.292e-07
    2379.357,   -3.573e-06,   -4.315e-06
    2381.474,    4.872e-06,   -9.948e-06
    2383.591,    6.725e-06,   -9.365e-06
    2385.708,   -1.773e-06,   -4.776e-06
    2387.825,   -1.933e-06,   -7.779e-06
    2389.942,    4.225e-06,   -1.555e-05
    2392.059,    4.893e-06,   -1.111e-05
    2394.176,   -6.022e-06,    5.203e-06
    2396.292,   -1.490e-05,    1.217e-05
    2398.409,   -8.880e-06,    2.037e-06
    2400.526,   -6.539e-06,   -4.901e-06
    2402.643,   -9.047e-06,    4.692e-06
    2404.760,   -4.436e-06,    1.311e-05
    2406.877,   -7.176e-06,    1.440e-05
    2408.994,   -3.652e-06,    1.230e-05
    2411.110,    8.980e-06,    3.865e-06
    2413.227,    1.081e-05,   -3.290e-06
    2415.344,    4.644e-06,   -4.618e-06
    2417.461,   -4.105e-06,   -4.977e-06
    2419.578,   -4.028e-06,   -8.557e-06
    2421.695,    1.006e-06,   -5.909e-06
    2423.812,    8.891e-07,    3.301e-06
    2425.929,    2.905e-06,    3.883e-06
    2428.045,    6.289e-06,    1.111e-06
    2430.162,    5.956e-06,    1.066e-06
    2432.279,    3.132e-06,    1.819e-06
    2434.396,    3.409e-07,    2.435e-06
    2436.513,   -4.588e-07,   -3.953e-06
    2438.630,   -4.548e-06,   -5.589e-06
    2440.747,   -1.252e-05,    1.240e-07
    2442.863,   -1.453e-05,    4.772e-06
    2444.980,   -5.241e-06,    1.380e-05
    2447.097,    4.213e-06,    1.642e-05
    2449.214,    7.534e-06,    3.265e-06
    2451.331,    8.737e-06,   -3.925e-06
    2453.448,    7.187e-06,    3.401e-06
    2455.565,    4.657e-06,   -2.072e-06
    2457.682,    4.225e-06,   -1.405e-05
    2459.798,    5.256e-06,   -1.282e-05
    2461.915,    2.330e-06,   -4.098e-06
    2464.032,   -4.336e-06,    5.846e-06
    2466.149,   -5.376e-06,    9.112e-06
    2468.266,   -2.696e-06,    8.152e-06
    2470.383,   -1.450e-07,    2.250e-06
    2472.500,   -2.832e-06,   -3.532e-06
    2474.616,   -1.118e-05,   -2.481e-06
    2476.733,   -1.060e-05,   -1.538e-06
    2478.850,   -5.958e-06,    5.665e-07
    2480.967,   -5.762e-06,    5.643e-06
    2483.084,   -1.566e-06,    9.226e-06
    2485.201,    6.540e-06,    5.989e-06
    2487.318,    1.110e-05,    2.633e-06
    2489.434,    1.027e-05,    4.540e-06
    2491.551,    3.534e-06,    3.925e-06
    2493.668,   -1.885e-06,    6.539e-06
    2495.785,    2.497e-07,    1.219e-05
    2497.902,    5.364e-06,    1.042e-05
    2500.019,   -1.344e-06,    6.346e-06
    2502.136,   -1.422e-05,    2.330e-06
    2504.253,   -6.830e-06,   -3.796e-06
    2506.369,    3.915e-06,   -6.814e-06
    2508.486,    4.713e-07,   -4.200e-06
    2510.603,    4.691e-06,    7.518e-07
    2512.720,    1.523e-05,    7.102e-06
    2514.837,    1.102e-05,    6.806e-06
    2516.954,   -2.966e-06,    1.792e-06
    2519.071,   -6.243e-06,    3.064e-06
    2521.187,   -9.356e-07,    1.214e-06
    2523.304,   -2.838e-06,   -3.365e-06
    2525.421,   -4.068e-06,   -4.452e-06
    2527.538,    3.565e-06,   -8.479e-06
    2529.655,    7.941e-06,   -8.824e-06
    2531.772,    3.268e-06,    1.796e-06
    2533.889,   -7.202e-07,    1.140e-05
    2536.006,    2.607e-06,    1.160e-05
    2538.122,    1.953e-06,    7.598e-06
    2540.239,   -4.875e-06,    1.985e-06
    2542.356,   -4.760e-06,   -5.039e-06
    2544.473,    4.820e-06,   -8.054e-06
    2546.590,    1.160e-05,   -6.396e-06
    2548.707,    5.248e-06,   -4.020e-06
    2550.824,   -3.500e-07,   -3.529e-06
    2552.940,   -9.702e-07,   -7.445e-06
    2555.057,   -7.062e-06,   -3.685e-06
    2557.174,   -6.867e-06,    5.776e-06
    2559.291,    3.593e-06,    6.179e-06
    2561.408,    4.449e-06,    5.250e-06
    2563.525,   -4.576e-06,    1.987e-06
    2565.642,   -7.888e-06,   -5.545e-07
    2567.759,   -6.631e-06,    3.600e-06
    2569.875,   -4.820e-06,    5.405e-06
    2571.992,   -1.430e-07,    2.937e-06
    2574.109,    1.088e-06,   -1.318e-06
    2576.226,   -7.014e-06,    4.557e-08
    2578.343,   -1.362e-05,    4.975e-06
    2580.460,   -1.071e-05,    4.239e-06
    2582.577,   -2.489e-06,    2.860e-06
    2584.693,    4.425e-06,    5.525e-06
    2586.810,    5.772e-06,    1.995e-06
    2588.927,    6.628e-06,   -7.494e-06
    2591.044,    7.837e-06,   -1.112e-05
    2593.161,    2.819e-06,   -1.088e-05
    2595.278,   -3.113e-06,   -1.133e-05
    2597.395,   -5.530e-06,   -9.319e-06
    2599.512,   -2.271e-06,   -3.568e-06
    2601.628,   -8.731e-07,   -4.134e-06
    2603.745,   -5.065e-06,   -8.663e-06
    2605.862,   -9.536e-07,    3.532e-07
    2607.979,   -5.214e-07,    9.155e-06
    2610.096,   -1.056e-06,    5.137e-06
    2612.213,    1.455e-05,    1.903e-06
    2614.330,    1.796e-05,   -3.021e-06
    2616.446,    5.412e-06,   -8.024e-06
    2618.563,    4.323e-06,   -5.394e-06
    2620.680,    8.923e-06,   -2.237e-06
    2622.797,    1.234e-05,    7.972e-08
    2624.914,    1.260e-05,    3.659e-06
    2627.031,    8.374e-06,    6.825e-06
    2629.148,    6.375e-06,    1.077e-06
    2631.265,    6.701e-06,   -6.374e-06
    2633.381,    9.935e-06,   -2.177e-09
    2635.498,    1.220e-05,    4.803e-06
    2637.615,    1.070e-05,    1.582e-06
    2639.732,    1.093e-05,    1.494e-06
    2641.849,    6.634e-06,   -1.239e-06
    2643.966,   -8.028e-07,   -4.054e-06
    2646.083,   -5.558e-06,   -1.248e-06
    2648.199,   -8.742e-06,   -6.152e-07
    2650.316,   -8.653e-06,   -2.767e-07
    2652.433,   -9.079e-06,   -4.356e-08
    2654.550,   -4.099e-06,    9.230e-07
    2656.667,    9.781e-07,    6.574e-06
    2658.784,   -1.578e-06,    1.348e-05
    2660.901,    3.616e-07,    1.519e-05
    2663.018,    5.412e-06,    9.216e-06
    2665.134,    1.703e-06,    1.633e-06
    2667.251,   -5.705e-06,   -2.295e-06
    2669.368,   -4.416e-06,   -6.233e-07
    2671.485,   -2.796e-06,   -1.129e-06
    2673.602,   -1.692e-06,   -2.579e-07
    2675.719,    3.062e-06,    9.425e-06
    2677.836,    3.261e-06,    1.301e-05
    2679.952,    5.589e-06,    3.125e-06
    2682.069,    5.811e-06,   -6.006e-06
    2684.186,    1.637e-06,   -6.653e-06
    2686.303,    1.022e-06,   -4.135e-06
    2688.420,    1.392e-06,    2.348e-06
    2690.537,    5.001e-06,    5.889e-06
    2692.654,    7.171e-06,   -3.707e-07
    2694.771,    1.955e-06,   -5.589e-06
    2696.887,   -7.686e-06,   -2.303e-09
    2699.004,   -9.266e-06,    7.040e-06
    2701.121,   -8.492e-07,    6.672e-06
    2703.238,    6.418e-06,    4.403e-06
    2705.355,    9.198e-06,    2.744e-06
    2707.472,    4.234e-06,   -8.940e-07
    2709.589,   -7.117e-07,   -6.692e-06
    2711.705,   -9.386e-07,   -7.521e-06
    2713.822,   -3.493e-06,   -9.879e-07
    2715.939,   -2.999e-06,    1.301e-06
    2718.056,    3.167e-06,   -2.411e-06
    2720.173,    2.922e-06,   -3.267e-06
    2722.290,   -4.293e-06,   -3.922e-06
    2724.407,   -4.030e-06,   -3.119e-06
    2726.523,    1.123e-06,    1.649e-06
    2728.640,    2.168e-06,    3.291e-06
    2730.757,   -1.492e-06,    2.151e-06
    2732.874,   -5.959e-06,   -1.855e-06
    2734.991,   -1.418e-06,   -5.276e-06
    2737.108,    4.570e-06,   -1.140e-06
    2739.225,    3.553e-06,    1.853e-06
    2741.342,    3.046e-06,   -1.643e-06
    2743.458,    2.347e-06,   -2.802e-06
    2745.575,   -3.438e-07,    1.093e-06
    2747.692,   -2.713e-06,    3.630e-06
    2749.809,   -2.162e-06,    2.444e-06
    2751.926,    3.685e-06,    2.553e-06
    2754.043,    5.250e-06,    4.319e-06
    2756.160,    9.003e-07,    3.896e-06
    2758.276,    2.932e-06,    6.334e-06
    2760.393,    6.166e-06,    3.802e-06
    2762.510,    3.338e-06,   -6.713e-06
    2764.627,   -4.235e-07,   -1.024e-05
    2766.744,   -4.870e-06,   -8.349e-06
    2768.861,   -3.734e-06,   -4.443e-06
    2770.978,   -1.202e-07,   -1.096e-06
    2773.095,   -1.541e-07,    6.790e-07
    2775.211,    6.182e-06,    5.183e-06
    2777.328,    7.509e-06,    3.833e-06
    2779.445,   -1.701e-06,   -3.880e-07
    2781.562,   -6.420e-06,    8.803e-07
    2783.679,   -9.061e-06,   -1.083e-06
    2785.796,   -6.091e-06,   -4.904e-06
    2787.913,    3.667e-06,   -5.219e-06
    2790.029,    6.381e-06,   -2.819e-06
    2792.146,    2.940e-06,    2.060e-07
    2794.263,    8.832e-07,    2.061e-07
    2796.380,    2.825e-07,    2.596e-06
    2798.497,   -3.312e-06,    4.671e-06
    2800.614,   -4.939e-06,    8.789e-07
    2802.731,   -4.267e-06,   -1.812e-06
    2804.848,   -6.702e-06,   -2.042e-06
    2806.964,   -6.944e-06,   -2.085e-06
    2809.081,   -3.264e-06,   -5.189e-06
    2811.198,    8.043e-07,   -7.726e-06
    2813.315,    4.471e-06,   -3.529e-06
    2815.432,    6.075e-06,   -1.008e-06
    2817.549,    3.494e-06,   -9.922e-07
    2819.666,    3.317e-06,    2.027e-06
    2821.782,    7.370e-06,    2.801e-06
    2823.899,    7.302e-06,    7.163e-07
    2826.016,    5.504e-07,    2.618e-06
    2828.133,   -3.813e-06,    8.890e-06
    2830.250,   -1.866e-06,    9.555e-06
    2832.367,   -1.706e-07,    1.491e-07
    2834.484,    1.726e-06,   -1.023e-05
    2836.601,    5.558e-06,   -1.092e-05
    2838.717,    7.082e-06,   -3.979e-06
    2840.834,    4.566e-06,   -8.028e-07
    2842.951,   -2.359e-06,   -1.783e-06
    2845.068,   -8.376e-06,    2.409e-07
    2847.185,   -6.472e-06,    3.190e-06
    2849.302,   -5.758e-07,    1.925e-06
    2851.419,    4.669e-06,   -6.388e-07
    2853.535,    7.795e-06,    2.077e-06
    2855.652,    7.468e-06,    5.040e-06
    2857.769,    3.500e-06,    1.360e-06
    2859.886,   -1.309e-06,   -2.232e-06
    2862.003,   -2.504e-06,   -2.868e-06
    2864.120,   -9.705e-07,   -2.700e-07
    2866.237,    1.373e-06,    1.163e-06
    2868.354,    5.197e-06,   -1.248e-06
    2870.470,    5.671e-06,   -5.534e-07
    2872.587,    1.541e-06,   -1.994e-07
    2874.704,   -1.206e-07,   -3.107e-06
    2876.821,    4.014e-06,    3.122e-07
    2878.938,    6.185e-06,    8.584e-06
    2881.055,    4.658e-06,    9.931e-06
    2883.172,    8.320e-06,    3.882e-06
    2885.288,    9.590e-06,   -2.261e-06
    2887.405,    2.052e-07,   -2.066e-06
    2889.522,   -8.675e-06,    3.049e-06
    2891.639,   -4.294e-06,    6.227e-06
    2893.756,    5.835e-06,    3.289e-06
    2895.873,    5.269e-06,   -8.547e-07
    2897.990,   -2.359e-06,   -1.022e-06
    2900.107,   -1.248e-06,   -3.033e-06
    2902.223,    3.596e-06,   -4.823e-06
    2904.340,    3.364e-06,   -8.925e-08
    2906.457,    2.065e-06,    2.557e-06
    2908.574,   -6.439e-07,   -1.817e-06
    2910.691,   -1.960e-07,   -6.376e-06
    2912.808,    4.451e-06,   -1.646e-06
    2914.925,    1.082e-06,    1.041e-05
    2917.041,   -6.637e-06,    1.222e-05
    2919.158,   -1.996e-06,    3.523e-06
    2921.275,    4.625e-06,   -1.232e-06
    2923.392,    1.077e-06,   -2.809e-06
    2925.509,   -1.932e-06,   -2.541e-06
    2927.626,   -3.332e-06,   -1.591e-06
    2929.743,   -3.995e-06,   -3.864e-06
    2931.859,   -1.449e-06,    2.417e-06
    2933.976,    8.022e-07,    9.122e-06
    2936.093,    2.111e-06,    3.770e-06
    2938.210,    1.832e-06,   -4.899e-07
    2940.327,    2.206e-06,   -3.154e-06
    2942.444,    3.491e-06,   -5.844e-06
    2944.561,    6.829e-06,   -5.013e-06
    2946.678,    9.638e-06,   -5.166e-06
    2948.794,    3.353e-06,   -5.142e-06
    2950.911,   -6.219e-06,   -1.181e-06
    2953.028,   -7.239e-06,    4.438e-07
    2955.145,    1.696e-07,   -7.829e-07
    2957.262,    2.250e-06,   -9.328e-07
    2959.379,   -7.409e-07,   -1.610e-06
    2961.496,   -3.708e-07,   -9.788e-08
    2963.612,    1.318e-06,    3.374e-08
    2965.729,    4.463e-06,   -4.897e-06
    2967.846,    3.662e-06,   -5.173e-06
    2969.963,    7.161e-07,   -4.016e-06
    2972.080,    2.728e-06,   -4.613e-06
    2974.197,    5.055e-06,   -1.893e-06
    2976.314,    5.331e-06,   -1.334e-06
    2978.431,    2.569e-06,   -3.428e-06
    2980.547,   -6.460e-07,   -2.833e-06
    2982.664,   -1.608e-06,    1.006e-06
    2984.781,   -3.847e-06,    6.929e-07
    2986.898,   -4.102e-06,   -2.144e-06
    2989.015,   -1.500e-06,   -1.040e-06
    2991.132,   -3.082e-07,    6.371e-07
    2993.249,    1.401e-06,   -9.766e-07
    2995.365,   -9.353e-07,   -3.116e-06
    2997.482,   -3.499e-06,   -3.889e-06
    2999.599,    8.256e-07,   -6.517e-06
    3001.716,    1.198e-06,   -6.299e-06
    3003.833,   -1.464e-06,   -2.239e-06
    3005.950,   -3.429e-06,    1.891e-06
    3008.067,   -4.518e-06,    6.925e-06
    3010.184,   -3.132e-06,    8.234e-06
    3012.300,   -3.648e-06,    3.562e-06
    3014.417,   -1.839e-06,    5.879e-07
    3016.534,    5.659e-07,    5.391e-07
    3018.651,   -9.749e-07,   -1.009e-06
    3020.768,   -1.746e-06,   -4.069e-06
    3022.885,   -3.365e-07,   -9.518e-06
    3025.002,    8.352e-07,   -7.542e-06
    3027.118,    1.048e-06,    2.535e-06
    3029.235,    4.466e-06,    2.367e-06
    3031.352,    6.642e-06,   -1.452e-06
    3033.469,    4.029e-06,    4.293e-07
    3035.586,    3.105e-06,    1.434e-06
    3037.703,    5.521e-06,    2.848e-06
    3039.820,    6.479e-06,    3.811e-06
    3041.937,    5.543e-06,   -2.452e-07
    3044.053,    4.114e-06,   -4.544e-06
    3046.170,    3.758e-06,   -1.443e-06
    3048.287,    3.096e-06,    7.523e-07
    3050.404,    7.609e-07,   -2.525e-06
    3052.521,    3.818e-06,   -3.562e-06
    3054.638,    4.967e-06,   -2.851e-06
    3056.755,   -3.974e-07,   -2.914e-06
    3058.871,   -6.994e-07,   -5.049e-06
    3060.988,    3.259e-06,   -3.727e-06
    3063.105,    2.812e-06,    1.348e-06
    3065.222,    1.136e-06,    1.268e-06
    3067.339,    2.633e-06,   -2.504e-06
    3069.456,    3.938e-06,   -1.400e-06
    3071.573,    2.962e-06,    4.537e-06
    3073.690,   -1.823e-07,    5.685e-06
    3075.806,   -7.682e-07,    3.214e-06
    3077.923,    5.387e-06,    2.336e-07
    3080.040,    8.756e-06,   -3.631e-06
    3082.157,    3.400e-06,   -2.168e-06
    3084.274,   -1.313e-06,    4.862e-07
    3086.391,   -2.968e-07,   -4.535e-07
    3088.508,    2.267e-06,    1.595e-06
    3090.624,    2.806e-06,    3.837e-06
    3092.741,    1.131e-06,    2.100e-06
    3094.858,    1.470e-06,    9.769e-07
    3096.975,    5.658e-06,    1.874e-06
    3099.092,    8.009e-06,    1.702e-06
    3101.209,    6.639e-06,   -7.967e-09
    3103.326,    4.066e-06,   -1.764e-06
    3105.443,    3.738e-06,   -2.539e-06
    3107.559,    5.548e-06,   -2.016e-06
    3109.676,    6.095e-06,    8.453e-07
    3111.793,    5.237e-06,    7.186e-06
    3113.910,    5.581e-06,    4.429e-06
    3116.027,    6.252e-06,   -5.827e-06
    3118.144,    1.916e-06,   -4.861e-06
    3120.261,   -3.698e-07,   -1.379e-06
    3122.377,    3.496e-06,   -5.237e-06
    3124.494,    2.609e-06,   -6.955e-06
    3126.611,   -1.961e-06,   -2.028e-06
    3128.728,   -2.410e-06,    2.472e-07
    3130.845,    5.527e-07,   -1.197e-06
    3132.962,    7.624e-07,    4.670e-06
    3135.079,    2.300e-07,    1.023e-05
    3137.196,   -9.610e-08,    4.714e-06
    3139.312,   -3.528e-06,    5.263e-09
    3141.429,   -1.400e-06,    4.994e-06
    3143.546,    2.680e-07,    8.482e-06
    3145.663,   -2.358e-06,    2.574e-06
    3147.780,   -6.111e-07,   -4.535e-06
    3149.897,    3.900e-07,   -5.113e-06
    3152.014,   -1.132e-06,   -5.584e-06
    3154.130,   -4.852e-07,   -5.979e-06
    3156.247,    3.956e-06,   -3.869e-07
    3158.364,    5.734e-06,    6.706e-06
    3160.481,    3.186e-06,    9.797e-06
    3162.598,    2.192e-06,    4.675e-06
    3164.715,    5.733e-07,   -1.294e-06
    3166.832,   -5.837e-07,   -2.572e-06
    3168.948,    1.123e-06,   -4.170e-06
    3171.065,    2.613e-06,   -1.911e-06
    3173.182,    1.275e-06,    3.909e-06
    3175.299,   -4.064e-06,    5.467e-06
    3177.416,   -7.349e-06,    4.536e-06
    3179.533,   -4.991e-06,    4.422e-06
    3181.650,   -3.106e-06,    2.577e-06
    3183.767,   -9.776e-07,    7.103e-08
    3185.883,    1.351e-06,    1.318e-07
    3188.000,    1.997e-06,   -2.446e-07
    3190.117,    5.753e-06,   -3.345e-06
    3192.234,    6.026e-06,   -4.170e-06
    3194.351,   -4.793e-07,   -2.110e-06
    3196.468,   -4.187e-06,   -2.214e-06
    3198.585,   -1.741e-06,   -2.895e-06
    3200.701,    1.464e-06,   -1.670e-06
    3202.818,   -1.315e-08,   -7.051e-07
    3204.935,   -2.473e-07,   -9.075e-07
    3207.052,    4.994e-06,   -3.476e-06
    3209.169,    7.313e-06,   -7.113e-06
    3211.286,    2.509e-06,   -3.294e-06
    3213.403,   -8.139e-07,    6.186e-06
    3215.520,   -7.573e-07,    7.863e-06
    3217.636,   -7.322e-07,    4.779e-06
    3219.753,    5.483e-06,    5.309e-06
    3221.870,    1.106e-05,    4.165e-06
    3223.987,    9.152e-06,    1.397e-07
    3226.104,    5.852e-06,   -3.795e-06
    3228.221,    2.448e-06,   -4.227e-06
    3230.338,    1.226e-06,   -1.679e-06
    3232.454,    5.187e-07,   -5.044e-07
    3234.571,    4.584e-07,    1.313e-06
    3236.688,    2.810e-06,    3.392e-06
    3238.805,    4.533e-06,    3.730e-06
    3240.922,    4.749e-06,    6.075e-06
    3243.039,    1.290e-06,    8.288e-06
    3245.156,   -1.098e-06,    6.328e-06
    3247.273,    1.259e-06,    4.640e-06
    3249.389,    1.129e-06,    3.544e-06
    3251.506,   -7.988e-08,    1.897e-06
    3253.623,    2.485e-06,   -5.514e-07
    3255.740,    2.975e-06,   -1.373e-06
    3257.857,    2.043e-06,   -7.627e-07
    3259.974,    4.086e-06,   -2.269e-06
    3262.091,    5.630e-06,   -2.673e-06
    3264.207,    4.839e-06,   -2.133e-06
    3266.324,    8.964e-07,   -6.973e-08
    3268.441,   -2.263e-06,    4.550e-06
    3270.558,   -1.212e-06,    4.932e-06
    3272.675,    2.600e-07,    2.111e-06
    3274.792,    2.397e-06,   -5.450e-07
    3276.909,    1.147e-06,   -2.361e-06
    3279.026,   -3.771e-06,    6.037e-07
    3281.142,   -4.223e-06,    1.425e-06
    3283.259,   -2.545e-06,    1.818e-08
    3285.376,   -1.895e-06,    1.422e-06
    3287.493,   -1.959e-06,    1.792e-06
    3289.610,   -1.504e-06,    1.058e-06
    3291.727,   -3.066e-07,   -2.394e-06
    3293.844,    1.603e-06,   -3.302e-06
    3295.960,    2.756e-06,   -2.168e-06
    3298.077,   -8.114e-07,   -4.613e-06
    3300.194,   -3.703e-06,   -2.927e-06
    3302.311,   -4.418e-06,    8.485e-07
    3304.428,   -7.417e-06,   -2.529e-08
    3306.545,   -7.144e-06,   -1.088e-06
    3308.662,   -1.559e-06,   -1.381e-06
    3310.779,    2.086e-07,   -4.128e-06
    3312.895,   -2.532e-06,   -3.659e-06
    3315.012,   -3.179e-06,    2.272e-06
    3317.129,   -4.195e-06,    4.087e-06
    3319.246,   -3.193e-06,    1.260e-06
    3321.363,    2.356e-06,    3.120e-07
    3323.480,    4.758e-06,    1.441e-06
    3325.597,    4.937e-06,    1.481e-06
    3327.713,    3.075e-06,    1.145e-07
    3329.830,    2.299e-06,   -1.667e-07
    3331.947,    3.845e-06,    6.308e-07
    3334.064,    7.854e-07,    3.867e-06
    3336.181,   -1.220e-06,    4.750e-06
    3338.298,   -1.626e-07,    1.232e-06
    3340.415,    7.031e-07,   -1.802e-06
    3342.532,    3.560e-06,   -3.024e-06
    3344.648,    7.489e-06,   -9.897e-07
    3346.765,    7.909e-06,    2.398e-06
    3348.882,    3.895e-06,    4.228e-06
    3350.999,    3.387e-07,    4.383e-06
    3353.116,   -6.939e-07,    1.738e-06
    3355.233,    9.238e-07,   -1.570e-06
    3357.350,    3.931e-06,   -4.064e-06
    3359.466,    2.946e-06,   -5.251e-06
    3361.583,    4.262e-06,   -3.406e-06
    3363.700,    6.978e-06,   -1.331e-06
    3365.817,    1.011e-06,    7.767e-08
    3367.934,   -5.487e-06,    1.109e-06
    3370.051,   -3.664e-06,    4.794e-07
    3372.168,    5.799e-07,    8.342e-07
    3374.285,   -6.494e-07,    2.888e-06
    3376.401,    4.852e-07,    1.526e-06
    3378.518,    3.793e-06,   -1.312e-06
    3380.635,    2.107e-06,   -2.958e-06
    3382.752,    2.301e-06,   -3.943e-06
    3384.869,    1.889e-06,   -3.100e-06
    3386.986,   -1.884e-06,   -3.871e-06
    3389.103,   -3.246e-06,   -4.431e-06
    3391.219,   -2.690e-06,   -6.622e-07
    3393.336,   -2.033e-06,   -5.936e-07
    3395.453,   -2.204e-06,   -4.446e-06
    3397.570,   -3.327e-06,   -6.388e-06
    3399.687,   -2.380e-06,   -5.489e-06
    3401.804,   -2.801e-07,   -3.873e-07
    3403.921,    1.715e-06,    3.547e-07
    3406.037,    2.445e-06,   -3.558e-06
    3408.154,   -1.322e-06,   -3.966e-06
    3410.271,   -3.290e-06,   -1.144e-06
    3412.388,    2.363e-06,    1.466e-06
    3414.505,    6.406e-06,    2.091e-06
    3416.622,    2.892e-06,    1.894e-06
    3418.739,   -1.741e-06,   -1.074e-06
    3420.856,   -4.741e-06,   -4.684e-06
    3422.972,   -5.389e-06,   -3.202e-06
    3425.089,   -3.718e-06,    7.771e-07
    3427.206,   -2.971e-06,    2.376e-06
    3429.323,   -2.373e-06,    9.860e-07
    3431.440,    4.614e-07,    1.125e-06
    3433.557,    2.712e-06,    4.209e-06
    3435.674,    3.251e-06,    4.572e-06
    3437.790,    3.060e-06,    1.110e-06
    3439.907,    2.038e-06,   -1.676e-06
    3442.024,   -2.500e-07,   -2.019e-07
    3444.141,   -2.027e-06,    1.533e-06
    3446.258,    7.949e-07,   -4.615e-07
    3448.375,    4.056e-06,   -1.348e-06
    3450.492,    4.973e-06,    6.619e-08
    3452.609,    4.995e-06,   -8.683e-07
    3454.725,    1.926e-06,   -1.509e-06
    3456.842,   -1.353e-06,   -5.577e-07
    3458.959,   -2.022e-06,   -4.870e-07
    3461.076,   -2.169e-06,    1.439e-06
    3463.193,   -8.975e-07,    2.003e-06
    3465.310,    1.833e-06,   -8.061e-07
    3467.427,    3.505e-06,   -9.475e-07
    3469.543,    4.110e-06,    2.293e-06
    3471.660,    3.148e-06,    3.941e-06
    3473.777,    1.098e-06,    9.848e-07
    3475.894,    7.408e-08,   -1.903e-06
    3478.011,    4.697e-08,   -1.800e-06
    3480.128,    5.844e-07,   -2.091e-06
    3482.245,    6.917e-07,   -1.764e-06
    3484.362,    1.798e-06,   -3.601e-07
    3486.478,    4.047e-06,   -2.867e-07
    3488.595,    5.483e-06,   -6.277e-07
    3490.712,    5.614e-06,    7.132e-07
    3492.829,    4.322e-06,    7.260e-07
    3494.946,    4.014e-06,   -1.316e-06
    3497.063,    4.517e-06,   -1.176e-07
    3499.180,    5.232e-06,    1.422e-06
    3501.296,    4.834e-06,    1.491e-07
    3503.413,    1.035e-06,   -1.273e-06
    3505.530,   -2.326e-07,   -4.788e-07
    3507.647,    1.837e-06,    1.094e-06
    3509.764,   -7.558e-07,    1.946e-07
    3511.881,   -2.430e-06,   -8.990e-07
    3513.998,    1.245e-06,   -2.179e-06
    3516.115,    2.897e-06,   -2.702e-06
    3518.231,    2.866e-06,   -6.583e-07
    3520.348,    1.659e-06,    8.977e-08
    3522.465,   -8.860e-07,   -1.292e-06
    3524.582,   -2.574e-07,    3.591e-07
    3526.699,    4.259e-06,    1.779e-06
    3528.816,    5.351e-06,   -4.649e-06
    3530.933,    2.031e-06,   -6.674e-06
    3533.049,    1.540e-06,   -1.807e-06
    3535.166,    1.413e-06,   -1.210e-06
    3537.283,   -1.703e-06,    5.982e-07
    3539.400,   -2.332e-06,    2.836e-06
    3541.517,    7.063e-07,    1.827e-06
    3543.634,    3.117e-06,    1.069e-06
    3545.751,    3.831e-06,   -2.572e-07
    3547.868,    2.506e-06,   -3.276e-07
    3549.984,    1.857e-08,   -1.318e-08
    3552.101,   -2.452e-06,   -2.105e-06
    3554.218,   -2.847e-06,   -4.041e-06
    3556.335,    5.870e-07,   -4.298e-06
    3558.452,    2.830e-06,   -1.781e-06
    3560.569,   -1.026e-06,    1.449e-06
    3562.686,   -4.628e-06,    2.842e-06
    3564.802,   -2.123e-06,    2.561e-06
    3566.919,    9.754e-07,    1.956e-06
    3569.036,    1.033e-06,    2.310e-06
    3571.153,   -6.073e-07,    1.143e-06
    3573.270,   -2.161e-06,    1.615e-06
    3575.387,   -1.590e-06,    3.540e-06
    3577.504,   -1.104e-06,    1.333e-06
    3579.621,   -2.811e-06,   -3.730e-07
    3581.737,   -4.701e-06,   -1.083e-06
    3583.854,   -5.117e-06,   -1.591e-06
    3585.971,   -3.724e-06,   -5.718e-08
    3588.088,   -1.483e-06,   -1.414e-06
    3590.205,    1.618e-06,   -3.670e-06
    3592.322,    2.714e-06,   -1.115e-06
    3594.439,    7.428e-07,    4.336e-06
    3596.555,    9.568e-08,    5.770e-06
    3598.672,    1.016e-06,    1.746e-06
    3600.789,    3.683e-07,   -1.956e-06
    3602.906,   -3.103e-06,   -2.531e-06
    3605.023,   -5.183e-06,   -2.213e-06
    3607.140,   -3.068e-06,   -1.631e-06
    3609.257,   -1.443e-06,   -1.605e-08
    3611.374,   -3.620e-06,   -1.583e-06
    3613.490,   -4.707e-06,   -4.067e-06
    3615.607,   -1.396e-06,   -3.542e-06
    3617.724,    1.337e-06,   -9.565e-07
    3619.841,    2.278e-07,    2.283e-06
    3621.958,   -6.331e-07,    1.357e-06
    3624.075,    5.590e-07,   -1.059e-06
    3626.192,    5.451e-07,   -1.131e-06
    3628.308,   -6.201e-07,   -9.821e-07
    3630.425,   -1.239e-06,    8.323e-07
    3632.542,   -9.292e-07,    2.960e-06
    3634.659,   -7.830e-07,    2.160e-06
    3636.776,   -1.011e-06,   -2.887e-07
    3638.893,    2.596e-07,   -1.386e-06
    3641.010,    9.618e-07,    7.006e-07
    3643.126,   -8.502e-07,    2.639e-07
    3645.243,   -2.155e-06,   -5.122e-06
    3647.360,   -6.923e-07,   -5.693e-06
    3649.477,    2.227e-06,   -1.121e-06
    3651.594,    3.751e-06,   -2.715e-07
    3653.711,    3.264e-06,   -3.121e-07
    3655.828,    2.691e-06,    2.730e-07
    3657.945,    4.033e-06,    4.838e-07
    3660.061,    4.190e-06,    1.620e-06
    3662.178,    1.916e-06,    1.347e-06
    3664.295,    6.807e-07,    3.937e-07
    3666.412,   -9.716e-07,    6.196e-07
    3668.529,   -1.042e-06,    1.646e-06
    3670.646,    1.499e-06,    2.325e-06
    3672.763,    9.955e-08,    3.158e-06
    3674.879,   -3.890e-06,    3.065e-06
    3676.996,   -5.348e-06,    9.549e-07
    3679.113,   -4.261e-06,   -6.461e-07
    3681.230,   -1.912e-06,    1.680e-06
    3683.347,   -4.909e-07,    4.015e-06
    3685.464,    8.463e-07,    1.077e-06
    3687.581,    1.970e-06,   -7.295e-07
    3689.698,    9.542e-07,    9.601e-07
    3691.814,    7.550e-08,    1.888e-06
    3693.931,    7.616e-07,    2.558e-06
    3696.048,    8.309e-07,    2.736e-06
    3698.165,   -4.773e-07,    1.445e-06
    3700.282,   -1.890e-06,    4.395e-07
    3702.399,   -2.976e-06,    4.690e-07
    3704.516,   -1.224e-06,    1.184e-06
    3706.632,    9.160e-07,    1.571e-06
    3708.749,    7.398e-07,    2.509e-07
    3710.866,    7.165e-07,    4.953e-07
    3712.983,    6.557e-07,    3.297e-06
    3715.100,    4.703e-07,    3.674e-06
    3717.217,   -1.018e-06,   -6.542e-07
    3719.334,   -2.112e-06,   -5.321e-06
    3721.451,   -1.502e-06,   -5.615e-06
    3723.567,    3.747e-08,   -2.742e-06
    3725.684,    1.032e-06,    1.796e-07
    3727.801,    7.712e-07,   -2.880e-07
    3729.918,    1.702e-06,    1.031e-07
    3732.035,    2.809e-06,    3.195e-06
    3734.152,    2.424e-06,    1.449e-06
    3736.269,   -1.624e-06,   -2.381e-06
    3738.385,   -3.719e-06,   -2.754e-06
    3740.502,   -9.720e-07,    1.992e-07
    3742.619,    3.957e-07,    2.439e-06
    3744.736,    3.158e-06,    1.139e-06
    3746.853,    5.985e-06,   -1.962e-06
    3748.970,    2.456e-06,   -3.701e-06
    3751.087,   -1.236e-06,   -2.849e-06
    3753.204,   -7.188e-07,   -2.334e-06
    3755.320,   -8.664e-07,   -2.186e-06
    3757.437,    9.252e-08,   -1.845e-06
    3759.554,    2.302e-06,   -1.720e-06
    3761.671,    1.527e-06,   -1.439e-06
    3763.788,    1.543e-08,   -9.255e-08
    3765.905,   -1.661e-07,    5.595e-07
    3768.022,   -1.194e-06,   -7.450e-07
    3770.138,   -2.879e-06,   -6.076e-07
    3772.255,   -1.960e-06,   -4.641e-08
    3774.372,   -9.413e-07,    1.399e-07
    3776.489,   -2.114e-06,   -9.520e-07
    3778.606,   -2.993e-06,   -3.590e-06
    3780.723,   -1.887e-06,   -2.140e-06
    3782.840,    4.295e-07,    2.776e-07
    3784.957,   -3.520e-07,    1.286e-06
    3787.073,   -3.989e-06,    2.118e-06
    3789.190,   -5.556e-06,    1.819e-06
    3791.307,   -4.004e-06,    7.964e-07
    3793.424,   -9.680e-07,   -2.378e-06
    3795.541,    1.925e-06,   -2.810e-06
    3797.658,    3.511e-06,   -8.721e-08
    3799.775,    3.961e-06,    1.243e-06
    3801.891,    2.547e-06,    1.613e-06
    3804.008,    1.289e-06,    8.697e-08
    3806.125,    5.594e-08,   -1.269e-06
    3808.242,   -3.812e-06,    3.517e-07
    3810.359,   -4.790e-06,    2.109e-06
    3812.476,   -1.537e-06,    2.055e-06
    3814.593,    1.264e-06,    9.750e-07
    3816.710,    1.858e-06,   -1.311e-06
    3818.826,   -4.346e-07,   -2.666e-06
    3820.943,   -6.209e-07,   -1.184e-06
    3823.060,    2.940e-06,   -7.210e-07
    3825.177,    3.215e-06,    6.275e-07
    3827.294,   -2.269e-07,    3.196e-06
    3829.411,   -2.967e-06,    1.283e-06
    3831.528,   -2.935e-06,   -1.234e-06
    3833.644,   -9.174e-07,   -1.077e-06
    3835.761,   -2.194e-06,   -9.741e-07
    3837.878,   -5.444e-06,   -2.652e-06
    3839.995,   -3.075e-06,   -3.217e-06
    3842.112,    1.717e-06,   -1.130e-06
    3844.229,    1.748e-06,    5.143e-07
    3846.346,    7.696e-08,    2.315e-06
    3848.463,   -9.115e-07,    4.147e-06
    3850.579,   -1.622e-06,    2.988e-06
    3852.696,   -7.948e-07,    1.556e-07
    3854.813,   -1.296e-06,   -5.081e-07
    3856.930,   -1.094e-06,    2.251e-07
    3859.047,    1.696e-06,   -1.043e-06
    3861.164,    1.113e-06,   -1.485e-06
    3863.281,   -7.011e-07,   -1.096e-07
    3865.397,    7.165e-07,   -1.532e-06
    3867.514,    1.422e-06,   -2.918e-06
    3869.631,    1.275e-06,   -2.161e-06
    3871.748,    1.963e-06,   -2.645e-06
    3873.865,    3.941e-07,   -3.158e-06
    3875.982,   -1.494e-06,   -2.422e-06
    3878.099,    1.630e-06,   -2.500e-06
    3880.215,    4.268e-06,   -2.165e-06
    3882.332,    1.563e-06,   -7.595e-07
    3884.449,   -1.297e-07,   -1.850e-07
    3886.566,    7.605e-07,    6.514e-07
    3888.683,    1.010e-06,    1.995e-06
    3890.800,    1.260e-06,    1.030e-06
    3892.917,    2.362e-06,   -1.627e-06
    3895.034,    2.593e-06,   -1.281e-06
    3897.150,    7.767e-08,   -1.705e-07
    3899.267,   -2.416e-06,   -1.292e-06
    3901.384,   -1.743e-06,   -1.596e-06
    3903.501,    9.803e-07,   -1.139e-06
    3905.618,    3.287e-06,   -4.139e-07
    3907.735,    2.468e-06,    1.355e-06
    3909.852,    2.003e-07,    1.222e-06
    3911.968,    1.699e-07,   -1.307e-06
    3914.085,    1.861e-06,   -7.922e-07
    3916.202,    1.966e-06,    1.057e-06
    3918.319,    4.547e-08,    3.590e-07
    3920.436,   -3.754e-07,   -9.635e-07
    3922.553,   -9.077e-07,   -9.296e-07
    3924.670,   -2.117e-06,    5.971e-07
    3926.787,   -2.949e-07,    1.044e-06
    3928.903,    1.577e-06,    1.532e-06
    3931.020,    8.786e-07,    7.462e-07
    3933.137,    5.852e-07,   -1.985e-06
    3935.254,    1.304e-06,   -2.189e-06
    3937.371,    8.705e-07,   -1.380e-06
    3939.488,   -1.380e-06,   -4.979e-07
    3941.605,   -3.351e-06,   -5.901e-07
    3943.721,   -2.471e-06,   -1.112e-06
    3945.838,   -2.741e-07,    2.725e-06
    3947.955,    7.635e-07,    5.583e-06
    3950.072,    1.472e-06,    3.180e-06
    3952.189,    2.216e-06,    4.956e-07
    3954.306,    5.423e-07,   -6.239e-07
    3956.423,   -1.845e-06,   -1.680e-06
    3958.540,   -1.601e-06,   -2.938e-06
    3960.656,   -5.639e-08,   -1.428e-06
    3962.773,    1.463e-06,    1.318e-06
    3964.890,    1.508e-06,    1.688e-06
    3967.007,   -2.473e-07,    2.607e-06
    3969.124,   -2.446e-07,    4.175e-06
    3971.241,    5.286e-07,    3.591e-06
    3973.358,   -3.631e-07,    1.115e-06
    3975.474,   -1.683e-07,   -9.197e-07
    3977.591,   -9.374e-07,   -7.050e-07
    3979.708,   -2.867e-06,   -2.066e-07
    3981.825,   -1.585e-06,   -6.873e-07
    3983.942,    1.523e-08,   -1.355e-06
    3986.059,   -4.241e-07,   -8.357e-07
    3988.176,   -5.799e-07,    1.131e-06
    3990.293,   -2.921e-07,    4.551e-07
    3992.409,   -8.517e-07,   -1.108e-06
    3994.526,   -7.092e-07,    3.461e-07
    3996.643,    1.960e-06,    1.679e-06
    3998.760,    1.834e-06,    9.426e-07
    4000.877,   -2.179e-06,   -1.499e-06
    4002.994,   -2.166e-06,   -1.430e-06
    4005.111,    2.638e-07,    1.290e-06
    4007.227,    8.990e-07,    1.337e-06
    4009.344,    1.774e-06,   -6.708e-07
    4011.461,    7.667e-07,    7.658e-08
    4013.578,   -1.225e-06,    3.626e-06
    4015.695,   -1.276e-06,    2.817e-06
    4017.812,   -9.597e-07,   -1.237e-06
    4019.929,   -1.337e-07,   -2.490e-06
    4022.046,    7.995e-07,   -2.478e-06
    4024.162,    1.285e-07,   -1.703e-06
    4026.279,   -1.678e-07,   -1.036e-06
    4028.396,    1.293e-06,   -9.139e-07
    4030.513,    2.091e-06,   -3.225e-07
    4032.630,    1.706e-06,   -3.456e-07
    4034.747,    1.121e-06,    3.336e-07
    4036.864,    7.277e-07,    1.323e-06
    4038.980,    3.851e-07,    1.662e-06
    4041.097,   -2.959e-07,    1.852e-06
    4043.214,   -6.557e-07,    1.086e-06
    4045.331,    7.518e-08,   -6.675e-07
    4047.448,    1.219e-06,   -1.772e-06
    4049.565,    2.086e-06,   -1.354e-06
    4051.682,    1.544e-06,   -1.368e-06
    4053.799,    5.827e-07,   -1.317e-06
    4055.915,    9.693e-07,    3.529e-07
    4058.032,    1.561e-06,    9.663e-07
    4060.149,    2.205e-06,   -8.321e-07
    4062.266,    1.613e-06,   -1.444e-06
    4064.383,   -1.697e-07,   -4.764e-07
    4066.500,   -1.214e-06,    9.594e-07
    4068.617,   -1.266e-06,    2.750e-06
    4070.733,   -1.114e-06,    2.252e-06
    4072.850,   -1.450e-06,    1.486e-07
    4074.967,   -2.473e-06,   -3.662e-07
    4077.084,   -2.278e-06,    1.084e-06
    4079.201,   -2.406e-07,    1.080e-06
    4081.318,    7.852e-07,    1.740e-07
    4083.435,    1.436e-06,    2.668e-08
    4085.552,    1.440e-06,   -3.823e-08
    4087.668,    1.042e-06,    4.287e-07
    4089.785,    1.858e-06,    1.197e-06
    4091.902,    1.352e-06,   -1.350e-07
    4094.019,   -2.871e-07,   -2.313e-06
    4096.136,    3.836e-07,   -9.822e-07
    4098.253,    1.550e-06,    1.356e-07
    4100.370,    1.396e-07,   -1.212e-06
    4102.486,   -1.061e-06,   -1.762e-06
    4104.603,   -1.821e-06,   -5.716e-07
    4106.720,   -2.944e-06,    5.577e-07
    4108.837,   -1.644e-06,    5.393e-07
    4110.954,    3.912e-07,    2.815e-07
    4113.071,    5.223e-07,    3.162e-07
    4115.188,   -2.232e-07,    9.762e-07
    4117.304,   -3.475e-07,    1.603e-06
    4119.421,    8.668e-07,    1.596e-06
    4121.538,    1.425e-06,    7.264e-07
    4123.655,    6.047e-07,    2.219e-07
    4125.772,    7.852e-07,    9.970e-07
    4127.889,    1.714e-06,    1.411e-06
    4130.006,    1.780e-06,    1.547e-06
    4132.123,    1.137e-06,    8.125e-07
    4134.239,    1.344e-07,   -1.353e-06
    4136.356,   -3.695e-07,   -2.903e-06
    4138.473,   -6.997e-07,   -3.436e-06
    4140.590,   -2.530e-06,   -3.442e-06
    4142.707,   -4.153e-06,   -2.303e-06
    4144.824,   -3.653e-06,   -1.016e-06
    4146.941,   -2.416e-06,   -1.210e-06
    4149.057,   -1.297e-06,   -1.219e-06
    4151.174,    4.444e-07,   -3.726e-07
    4153.291,    1.714e-06,    1.865e-07
    4155.408,    9.187e-07,    1.243e-06
    4157.525,   -6.312e-08,    1.322e-06
    4159.642,    2.395e-07,    6.823e-09
    4161.759,    1.542e-06,   -1.559e-08
    4163.876,    3.272e-06,   -2.104e-07
    4165.992,    2.709e-06,   -4.147e-07
    4168.109,    4.267e-07,    1.096e-06
    4170.226,   -3.189e-07,    1.073e-06
    4172.343,   -2.815e-07,   -4.686e-07
    4174.460,   -1.312e-07,   -8.748e-07
    4176.577,    2.813e-07,   -3.901e-07
    4178.694,    6.026e-07,    6.888e-07
    4180.810,    1.883e-07,    9.117e-07
    4182.927,    1.474e-07,   -4.792e-07
    4185.044,    1.105e-06,   -9.466e-07
    4187.161,    8.964e-07,   -1.578e-07
    4189.278,    3.621e-07,    4.263e-07
    4191.395,   -1.316e-08,   -1.010e-08
    4193.512,   -7.238e-07,   -6.091e-07
    4195.629,   -6.679e-07,    5.963e-07
    4197.745,    2.812e-07,    1.900e-06
    4199.862,    5.571e-07,    1.730e-06
    4201.979,    1.854e-07,    1.107e-06
    4204.096,   -3.937e-08,    8.321e-07
    4206.213,   -2.788e-08,    8.839e-07
    4208.330,    5.363e-07,    4.567e-07
    4210.447,    4.623e-07,   -1.131e-07
    4212.563,   -1.060e-08,   -1.357e-07
    4214.680,   -1.586e-07,   -7.404e-07
    4216.797,    5.083e-08,   -1.755e-06
    4218.914,    1.234e-06,   -1.595e-06
    4221.031,    1.917e-06,   -4.806e-07
    4223.148,    1.501e-06,   -1.205e-07
    4225.265,    1.006e-06,   -6.435e-07
    4227.382,    1.807e-07,   -6.526e-07
    4229.498,   -7.005e-07,    1.579e-07
    4231.615,   -6.756e-07,    7.303e-07
    4233.732,    9.689e-08,    1.038e-08
    4235.849,    7.067e-07,   -4.828e-07
    4237.966,    8.235e-07,    1.108e-07
    4240.083,    4.560e-07,    1.437e-07
    4242.200,   -4.527e-08,    5.072e-07
    4244.316,   -4.189e-07,    1.331e-06
    4246.433,   -6.739e-07,    5.435e-07
    4248.550,   -6.535e-07,   -2.311e-07
    4250.667,   -5.105e-07,    5.258e-07
    4252.784,   -3.222e-07,    9.650e-07
    4254.901,   -5.637e-07,    1.504e-07
    4257.018,   -1.109e-06,   -4.477e-07
    4259.135,   -3.944e-07,   -2.133e-07
    4261.251,    6.869e-07,   -2.620e-07
    4263.368,    1.511e-07,   -8.828e-07
    4265.485,   -8.996e-07,   -9.590e-07
    4267.602,   -9.503e-07,   -6.365e-07
    4269.719,   -1.529e-07,   -7.909e-07
    4271.836,    6.513e-07,   -6.685e-07
    4273.953,    9.182e-07,   -3.984e-08
    4276.069,    5.274e-07,    2.935e-07
    4278.186,   -1.690e-07,    4.008e-07
    4280.303,   -1.375e-07,    6.801e-07
    4282.420,    2.641e-07,    3.126e-07
    4284.537,    4.247e-07,   -3.056e-07
    4286.654,    8.466e-07,   -2.353e-07
    4288.771,    9.219e-07,   -8.003e-08
    4290.888,    5.505e-07,   -5.567e-08
    4293.004,    4.839e-07,    3.011e-08
    4295.121,    5.631e-07,   -6.585e-08
    4297.238,    4.848e-07,   -2.580e-07
    4299.355,    1.968e-07,    1.697e-08
    4301.472,    4.553e-08,    5.165e-07
    4303.589,    3.743e-07,    7.603e-07
    4305.706,    6.760e-07,    5.100e-07
    4307.822,    4.275e-07,    1.767e-07
    4309.939,   -5.299e-09,    1.077e-07
    4312.056,   -2.224e-07,    1.899e-07
    4314.173,   -3.023e-07,    2.793e-07
    4316.290,    2.130e-07,    8.721e-09
    4318.407,    8.433e-07,   -2.930e-07
    4320.524,    6.830e-07,   -5.964e-07
    4322.641,    2.866e-07,   -5.788e-07
    4324.757,    1.050e-07,   -3.223e-07
    4326.874,    3.640e-07,   -2.301e-07
    4328.991,    4.434e-08,    2.073e-07
    4331.108,   -6.551e-07,    2.998e-07
    4333.225,   -2.961e-07,    1.955e-07
    4335.342,    4.060e-07,    6.475e-07
    4337.459,    4.247e-07,    8.923e-07
    4339.575,    8.796e-09,    6.509e-07
    4341.692,   -8.503e-09,    3.262e-07
    4343.809,    1.512e-07,    3.523e-07
    4345.926,    1.918e-08,    5.713e-07
    4348.043,   -3.060e-07,    1.865e-07
    4350.160,   -4.686e-07,   -5.061e-07
    4352.277,   -2.387e-07,   -5.436e-07
    4354.393,    2.129e-07,   -5.052e-08
    4356.510,    3.371e-07,    9.700e-08
    4358.627,   -1.273e-07,    1.802e-08
    4360.744,   -3.123e-07,    2.361e-07
    4362.861,   -9.224e-08,    4.083e-07
    4364.978,   -7.745e-09,    2.414e-07
    4367.095,    6.156e-08,    1.893e-08
    4369.212,   -5.128e-08,    8.876e-08
    4371.328,   -1.116e-07,    2.215e-07
    4373.445,    1.045e-07,    1.187e-07
    4375.562,    1.164e-07,   -1.484e-08
    4377.679,    8.815e-08,   -5.155e-08
    4379.796,    1.154e-08,   -1.186e-08
    4381.913,   -2.592e-07,   -8.692e-08
    4384.030,   -2.975e-07,   -2.671e-07
    4386.146,   -1.240e-07,   -2.418e-07
    4388.263,    7.596e-09,   -2.400e-07
    4390.380,    5.695e-08,   -3.415e-07
    4392.497,    8.806e-08,   -3.754e-07
    4394.614,    1.002e-07,   -2.756e-07
    4396.731,   -1.902e-08,   -5.669e-08
    4398.848,   -1.337e-07,   -6.977e-08
    4400.965,   -9.767e-08,   -2.130e-07
    4403.081,    1.070e-08,   -1.248e-07
    4405.198,    9.431e-10,   -1.406e-07
    4407.315,    1.985e-08,   -3.769e-07
    4409.432,    1.695e-07,   -3.957e-07
    4411.549,    1.385e-07,   -1.582e-07
    4413.666,   -1.071e-08,    1.212e-07
    4415.783,    6.161e-08,    3.099e-07
    4417.899,    1.384e-07,    2.649e-07
    4420.016,   -2.895e-08,    1.018e-07
    4422.133,   -1.586e-07,    8.969e-08
    4424.250,   -1.671e-07,    1.658e-07
    4426.367,   -9.654e-08,    1.162e-07
    4428.484,   -2.446e-08,   -1.960e-08
    4430.601,   -9.575e-08,   -3.837e-08
    4432.718,   -7.502e-08,    6.662e-08
    4434.834,    5.092e-08,    1.336e-07
    4436.951,   -8.133e-08,    5.868e-08
    4439.068,   -1.847e-07,    3.975e-09
    4441.185,   -5.417e-08,    1.409e-07
    4443.302,    5.953e-08,    2.177e-07
    4445.419,    9.882e-08,    9.836e-08
    4447.536,    1.830e-08,   -3.853e-08
    4449.652,   -8.170e-08,   -7.502e-08
    4451.769,   -9.442e-08,   -2.236e-08
    4453.886,   -9.791e-08,   -1.111e-08
    4456.003,   -1.186e-07,   -8.065e-09
    4458.120,   -4.431e-08,   -6.419e-08
    4460.237,    7.667e-08,   -1.009e-07
    4462.354,    5.578e-08,   -1.390e-08
    4464.471,   -3.620e-08,   -1.327e-08
    4466.587,   -2.288e-08,    5.257e-09
    4468.704,    3.694e-08,    6.991e-08
    4470.821,    5.708e-08,    7.416e-08
    4472.938,    9.592e-08,    4.947e-08
    4475.055,    7.974e-08,    4.256e-09
    4477.172,   -4.501e-08,    7.613e-08
    4479.289,   -9.924e-08,    1.516e-07
    4481.405,   -7.712e-08,    6.323e-08
    4483.522,   -4.349e-08,   -2.458e-08
    4485.639,   -1.609e-08,   -4.365e-08
    4487.756,   -2.454e-08,   -4.928e-08
    4489.873,    1.571e-08,   -4.099e-08
    4491.990,    7.073e-08,   -3.764e-09
    4494.107,    9.526e-09,   -5.312e-09
    4496.224,   -8.967e-08,   -8.588e-09
    4498.340,   -3.031e-08,   -1.991e-08
    4500.457,    4.770e-08,   -3.886e-08
    4502.574,    2.499e-08,    8.960e-09
    4504.691,    1.415e-08,    1.997e-08
    4506.808,    6.807e-09,   -1.622e-08
    4508.925,    2.539e-08,   -5.116e-08
    4511.042,    2.536e-08,   -8.811e-08
    4513.158,   -3.631e-09,   -1.154e-07
    4515.275,   -9.929e-09,   -8.527e-08
    4517.392,   -3.893e-08,    1.117e-08
    4519.509,   -2.103e-08,    1.068e-07
    4521.626,    5.993e-09,    1.078e-07
    4523.743,   -1.159e-09,    1.712e-08
    4525.860,    3.336e-08,   -7.306e-09
    4527.977,    6.169e-08,    1.293e-08
    4530.093,    5.029e-08,   -1.703e-08
    4532.210,    3.526e-08,   -9.700e-09
    4534.327,    1.811e-08,    5.627e-08
    4536.444,   -1.079e-08,    6.672e-08
    4538.561,   -3.056e-08,   -3.797e-08
    4540.678,   -5.150e-08,   -8.777e-08
    4542.795,   -4.605e-08,   -6.661e-10
    4544.911,   -3.324e-08,    6.548e-08
    4547.028,   -4.684e-08,    4.954e-08
    4549.145,   -1.096e-08,    2.515e-08
    4551.262,    4.944e-08,    3.685e-08
    4553.379,    6.093e-08,   -1.425e-09
    4555.496,    4.651e-08,   -1.021e-07
    4557.613,    3.697e-08,   -1.191e-07
    4559.730,    3.404e-08,   -4.424e-08
    4561.846,    8.564e-09,    3.270e-09
    4563.963,   -9.996e-09,    1.332e-08
    4566.080,    1.729e-08,    1.478e-08
    4568.197,    4.011e-08,   -6.256e-09
    4570.314,    2.171e-08,   -2.759e-08
    4572.431,    9.499e-09,   -1.045e-08
    4574.548,    2.081e-08,    1.746e-08
    4576.664,   -5.488e-09,    3.138e-08
    4578.781,   -4.004e-08,   -7.021e-09
    4580.898,   -1.745e-08,   -3.679e-08
    4583.015,    2.656e-08,    5.799e-09
    4585.132,    4.582e-10,    2.698e-08
    4587.249,   -3.078e-08,    2.260e-08
    4589.366,    1.599e-08,    2.549e-08
    4591.482,    5.192e-08,    2.494e-08
    4593.599,    2.325e-08,    2.015e-08
    4595.716,   -3.968e-08,   -6.650e-09
    4597.833,   -5.150e-08,   -2.231e-08
    4599.950,   -9.764e-09,    1.853e-08
    4602.067,   -1.341e-08,    3.413e-08
    4604.184,   -2.847e-08,   -7.849e-09
    4606.301,   -6.253e-09,   -2.723e-08
    4608.417,    1.310e-08,    6.753e-10
    4610.534,    1.120e-09,    1.605e-08
    4612.651,    1.792e-09,   -2.235e-09
    4614.768,    4.139e-08,   -5.735e-09
    4616.885,    8.326e-08,   -3.206e-09
    4619.002,    7.268e-08,   -3.368e-08
    4621.119,    1.165e-08,   -6.968e-08
    4623.235,    1.260e-08,   -5.238e-08
    4625.352,   -9.537e-09,    1.485e-08
    4627.469,   -7.138e-08,    7.347e-08
    4629.586,   -2.453e-08,    7.510e-08
    4631.703,    5.559e-08,    3.056e-08
    4633.820,    6.478e-08,    9.800e-09
    4635.937,    2.621e-09,    1.430e-08
    4638.054,   -5.208e-08,    1.048e-08
    4640.170,   -4.971e-08,    1.043e-08
    4642.287,   -5.407e-08,    2.063e-08
    4644.404,   -7.284e-08,    2.617e-08
    4646.521,   -4.974e-08,   -2.168e-08
    4648.638,   -1.546e-08,   -6.369e-08
    4650.755,   -4.316e-08,   -1.905e-08
    4652.872,   -7.035e-08,    3.945e-08
    4654.988,   -3.472e-08,    3.295e-08
    4657.105,    2.460e-08,   -4.676e-09
    4659.222,    6.828e-08,   -4.412e-08
    4661.339,    6.304e-08,   -5.553e-08
    4663.456,    5.047e-08,   -4.268e-08
    4665.573,    2.640e-08,   -2.433e-08
    4667.690,   -1.776e-08,    4.256e-08
    4669.807,   -2.530e-08,    6.919e-08
    4671.923,   -2.857e-09,    3.181e-08
    4674.040,    1.208e-08,    3.365e-08
    4676.157,    1.660e-08,    4.654e-08
    4678.274,    2.762e-08,    2.372e-08
    4680.391,    2.343e-08,    1.400e-08
    4682.508,   -8.053e-09,    2.604e-08
    4684.625,   -2.992e-08,   -1.605e-09
    4686.741,   -3.260e-08,   -7.877e-08
    4688.858,   -3.352e-08,   -1.085e-07
    4690.975,   -3.239e-08,   -2.672e-08
    4693.092,   -3.439e-08,    6.069e-08
    4695.209,   -3.253e-08,    3.531e-08
    4697.326,    1.997e-09,   -1.313e-08
    4699.443,    1.868e-08,   -2.088e-08
    4701.560,   -1.629e-08,   -4.437e-08
    4703.676,   -2.460e-08,   -5.736e-08
    4705.793,   -1.332e-08,   -2.788e-08
    4707.910,    4.207e-09,    3.982e-08
    4710.027,    1.446e-08,    4.897e-08
    4712.144,    2.390e-09,   -3.065e-08
    4714.261,    6.142e-09,   -7.422e-08
    4716.378,    1.787e-09,   -3.441e-08
    4718.494,   -1.984e-08,    1.719e-08
    4720.611,    1.533e-09,    1.841e-08
    4722.728,    5.877e-08,    3.742e-08
    4724.845,    6.665e-08,    5.089e-08
    4726.962,    2.214e-08,   -1.724e-08
    4729.079,   -3.051e-08,   -6.525e-08
    4731.196,   -2.249e-08,   -2.283e-08
    4733.313,    1.781e-08,    6.011e-08
    4735.429,   -7.950e-09,    8.577e-08
    4737.546,   -1.165e-08,    5.577e-08
    4739.663,    5.252e-08,    1.727e-08
    4741.780,    5.387e-08,   -1.808e-08
    4743.897,   -1.799e-08,   -5.443e-08
    4746.014,   -6.247e-08,   -6.542e-08
    4748.131,   -3.210e-08,   -2.561e-08
    4750.247,   -3.991e-09,   -2.873e-08
    4752.364,   -3.678e-08,   -5.438e-08
    4754.481,   -4.145e-08,   -4.695e-08
    4756.598,   -5.704e-09,   -3.698e-08
    4758.715,    2.390e-09,   -7.283e-09
    4760.832,    1.093e-08,    2.628e-08
    4762.949,    7.131e-08,    1.874e-08
