       2.117,   -2.767e+01,   -6.166e+01
       4.234,   -2.422e+01,   -1.934e+01
       6.351,   -7.895e+00,    2.729e+00
       8.467,    3.452e+00,    4.687e+00
      10.584,    1.795e-01,    5.615e+00
      12.701,   -3.814e+00,    5.850e+00
      14.818,   -2.759e+00,    2.071e+00
      16.935,   -1.524e+00,    1.719e-01
      19.052,   -8.930e-01,   -5.001e-02
      21.169,   -7.752e-01,   -3.411e-02
      23.286,   -1.236e+00,    5.043e-01
      25.402,   -8.786e-01,    3.318e-01
      27.519,    2.066e-03,   -2.540e-01
      29.636,    1.882e-01,   -1.377e-01
      31.753,    6.575e-02,    1.643e-01
      33.870,    8.279e-02,    5.147e-02
      35.987,    4.055e-03,   -2.147e-01
      38.104,   -1.030e-01,   -2.829e-01
      40.220,   -7.091e-02,   -1.545e-01
      42.337,    6.185e-02,   -4.216e-02
      44.454,    1.319e-01,    9.618e-03
      46.571,    5.277e-02,    3.472e-02
      48.688,   -8.004e-02,    3.993e-02
      50.805,   -8.636e-02,    3.743e-02
      52.922,   -1.467e-02,   -5.409e-03
      55.039,    3.141e-03,   -3.671e-02
      57.155,    1.187e-02,   -2.375e-02
      59.272,   -9.922e-03,   -3.598e-02
      61.389,   -4.799e-02,   -4.598e-02
      63.506,   -2.543e-02,   -3.299e-02
      65.623,    8.655e-03,   -4.287e-02
      67.740,    2.811e-02,   -3.647e-02
      69.857,    3.257e-02,    5.773e-03
      71.973,    4.526e-03,    2.552e-02
      74.090,   -4.258e-03,    1.601e-02
      76.207,    1.591e-02,    9.847e-03
      78.324,    3.250e-02,    2.320e-03
      80.441,    2.780e-02,   -7.649e-03
      82.558,    1.114e-02,   -8.700e-03
      84.675,    1.398e-02,   -1.684e-03
      86.792,    2.010e-02,    8.322e-03
      88.908,    1.002e-02,    2.003e-03
      91.025,   -1.015e-03,   -2.070e-02
      93.142,   -4.416e-03,   -2.362e-02
      95.259,   -2.032e-03,   -8.620e-03
      97.376,    2.144e-03,   -3.336e-04
      99.493,    4.217e-03,    3.188e-03
     101.610,    2.363e-03,    4.826e-03
     103.726,   -7.434e-04,    6.066e-03
     105.843,   -9.114e-04,    1.833e-03
     107.960,   -5.103e-03,   -2.901e-03
     110.077,   -1.213e-02,   -2.886e-03
     112.194,   -9.133e-03,   -2.299e-03
     114.311,   -1.080e-03,   -4.113e-03
     116.428,    1.148e-03,   -7.105e-03
     118.544,   -1.911e-03,   -2.519e-03
     120.661,   -8.120e-04,    2.164e-03
     122.778,    7.269e-03,    1.299e-03
     124.895,    1.877e-02,   -3.745e-04
     127.012,    4.305e-02,   -4.988e-03
     129.129,    1.558e-01,   -6.670e-03
     131.246,    5.052e-01,    5.497e-03
     133.363,    9.014e-01,    2.103e-02
     135.479,    1.000e+00,    2.450e-02
     137.596,    9.312e-01,    2.294e-02
     139.713,    9.329e-01,    2.192e-02
     141.830,    9.813e-01,    2.178e-02
     143.947,    9.866e-01,    2.381e-02
     146.064,    9.302e-01,    2.946e-02
     148.181,    8.872e-01,    3.500e-02
     150.297,    9.187e-01,    2.926e-02
     152.414,    9.379e-01,    1.816e-02
     154.531,    7.814e-01,    1.228e-02
     156.648,    4.518e-01,    8.181e-03
     158.765,    1.707e-01,    2.181e-03
     160.882,    5.550e-02,   -2.698e-03
     162.999,    2.395e-02,   -2.632e-03
     165.116,    9.564e-03,   -7.781e-04
     167.232,    2.539e-03,   -2.086e-03
     169.349,   -3.302e-04,   -2.939e-03
     171.466,   -1.458e-03,   -1.370e-03
     173.583,   -3.690e-03,   -2.809e-04
     175.700,   -5.904e-03,    5.184e-04
     177.817,   -3.275e-03,    3.577e-04
     179.934,    5.466e-04,    2.755e-04
     182.050,    3.569e-04,    1.318e-03
     184.167,   -9.719e-04,    3.616e-04
     186.284,   -4.240e-04,   -1.925e-03
     188.401,   -1.181e-03,   -2.379e-03
     190.518,   -2.319e-03,   -1.379e-03
     192.635,   -1.659e-03,   -4.400e-04
     194.752,   -2.887e-03,   -1.280e-03
     196.869,   -3.382e-03,   -4.925e-03
     198.985,   -1.619e-03,   -4.774e-03
     201.102,   -1.738e-03,   -5.329e-04
     203.219,   -1.523e-03,    5.003e-06
     205.336,   -1.216e-03,   -6.225e-04
     207.453,   -9.379e-04,    1.189e-03
     209.570,    9.399e-04,    9.946e-04
     211.687,    1.243e-03,   -8.108e-04
     213.803,    1.014e-03,   -3.573e-04
     215.920,    1.477e-03,    2.578e-04
     218.037,    4.650e-04,    5.276e-04
     220.154,   -9.854e-04,    3.762e-04
     222.271,   -1.212e-03,   -3.345e-04
     224.388,   -8.504e-04,   -3.140e-04
     226.505,   -4.460e-04,   -1.144e-04
     228.622,    2.490e-05,   -2.394e-04
     230.738,    5.030e-05,   -1.234e-03
     232.855,    1.251e-04,   -1.621e-03
     234.972,    9.495e-04,   -5.917e-04
     237.089,    3.476e-03,   -2.960e-05
     239.206,    7.488e-03,    5.134e-04
     241.323,    6.456e-03,    1.127e-03
     243.440,    2.134e-03,    2.664e-04
     245.556,    3.105e-03,   -5.976e-04
     247.673,    3.814e-03,   -7.267e-04
     249.790,    1.635e-03,   -7.305e-04
     251.907,    1.989e-03,    4.621e-04
     254.024,    2.945e-03,    1.108e-03
     256.141,    4.311e-03,    2.133e-04
     258.258,    9.091e-03,    5.205e-05
     260.375,    1.430e-02,    7.884e-04
     262.491,    1.434e-02,    1.191e-03
     264.608,    1.062e-02,    8.019e-04
     266.725,    7.472e-03,    3.634e-04
     268.842,    5.019e-03,    5.270e-04
     270.959,    5.601e-03,    5.798e-04
     273.076,    1.123e-02,    3.363e-04
     275.193,    1.676e-02,    9.481e-05
     277.309,    1.893e-02,   -7.534e-05
     279.426,    2.355e-02,    3.209e-04
     281.543,    3.153e-02,    9.833e-04
     283.660,    3.236e-02,    1.300e-03
     285.777,    2.663e-02,    1.308e-03
     287.894,    2.507e-02,    1.030e-03
     290.011,    2.931e-02,    6.080e-04
     292.128,    3.387e-02,    6.684e-04
     294.244,    3.043e-02,    8.350e-04
     296.361,    1.850e-02,    5.305e-04
     298.478,    9.065e-03,    3.787e-04
     300.595,    6.423e-03,    3.097e-04
     302.712,    5.285e-03,    9.940e-05
     304.829,    3.973e-03,    6.858e-05
     306.946,    6.714e-03,    7.744e-04
     309.062,    1.158e-02,    1.436e-03
     311.179,    9.495e-03,    8.372e-04
     313.296,    3.256e-03,    1.581e-04
     315.413,    2.299e-04,    3.944e-05
     317.530,   -5.535e-04,   -3.218e-04
     319.647,   -3.959e-04,   -7.207e-04
     321.764,    2.728e-04,   -6.222e-04
     323.881,    6.031e-04,   -2.869e-04
     325.997,    2.255e-04,   -1.851e-04
     328.114,   -1.615e-04,   -1.360e-04
     330.231,   -3.145e-04,    4.559e-05
     332.348,   -7.103e-04,    4.719e-05
     334.465,   -6.014e-04,   -2.312e-05
     336.582,   -1.307e-04,   -3.624e-05
     338.699,    2.272e-04,    1.927e-05
     340.815,    4.279e-04,   -3.674e-05
     342.932,    2.502e-04,   -2.319e-04
     345.049,    6.166e-04,   -6.626e-04
     347.166,    9.214e-04,   -1.029e-03
     349.283,    1.172e-03,   -9.686e-04
     351.400,    1.627e-03,   -8.005e-04
     353.517,    8.569e-04,   -4.293e-04
     355.633,    2.870e-04,   -2.501e-04
     357.750,    4.812e-04,   -3.998e-04
     359.867,    3.108e-04,   -5.135e-04
     361.984,    1.152e-04,   -4.781e-04
     364.101,   -7.775e-05,   -3.350e-04
     366.218,   -2.247e-04,   -2.565e-05
     368.335,   -2.630e-04,    9.095e-05
     370.452,   -5.176e-04,   -3.515e-04
     372.568,   -8.165e-04,   -4.713e-04
     374.685,   -8.465e-04,   -1.111e-04
     376.802,   -5.557e-04,    2.207e-04
     378.919,   -3.550e-04,    5.288e-04
     381.036,   -5.168e-04,    5.450e-04
     383.153,   -6.069e-04,    1.857e-04
     385.270,   -3.540e-04,   -2.264e-04
     387.386,   -1.242e-04,   -2.494e-04
     389.503,   -9.251e-06,   -9.572e-05
     391.620,    7.590e-05,   -8.556e-05
     393.737,   -4.551e-05,    1.145e-04
     395.854,   -1.092e-04,    3.656e-04
     397.971,    9.659e-05,    2.453e-04
     400.088,    4.787e-04,   -7.815e-05
     402.205,    7.481e-04,   -4.365e-05
     404.321,    6.580e-04,    9.313e-05
     406.438,    3.335e-04,    5.206e-05
     408.555,    3.100e-04,   -8.936e-05
     410.672,    6.484e-04,   -4.130e-04
     412.789,    6.000e-04,   -2.417e-04
     414.906,    3.145e-04,    1.916e-04
     417.023,    6.044e-04,    4.445e-05
     419.139,    1.356e-03,   -1.616e-04
     421.256,    1.884e-03,    1.641e-05
     423.373,    1.830e-03,    1.261e-04
     425.490,    1.497e-03,   -3.876e-05
     427.607,    1.451e-03,   -1.595e-04
     429.724,    1.499e-03,   -2.457e-04
     431.841,    1.420e-03,   -1.918e-04
     433.958,    1.270e-03,    4.697e-05
     436.074,    1.017e-03,    2.209e-05
     438.191,    9.914e-04,   -5.970e-05
     440.308,    1.045e-03,    2.459e-05
     442.425,    6.597e-04,    5.820e-05
     444.542,    2.183e-04,    1.827e-04
     446.659,    1.500e-04,    1.920e-04
     448.776,    5.790e-05,   -2.160e-04
     450.892,   -1.125e-04,   -3.502e-04
     453.009,   -9.792e-05,    2.287e-05
     455.126,   -1.076e-04,    1.159e-04
     457.243,   -1.458e-04,   -1.009e-04
     459.360,    1.626e-04,   -3.064e-05
     461.477,    4.557e-04,    2.526e-04
     463.594,    3.689e-04,    2.586e-04
     465.711,    2.806e-04,    7.828e-05
     467.827,    3.426e-04,   -1.248e-05
     469.944,    3.639e-04,   -3.694e-05
     472.061,    2.251e-04,   -1.590e-05
     474.178,    5.860e-05,    1.074e-06
     476.295,   -3.164e-05,    7.274e-06
     478.412,   -6.559e-05,    1.294e-05
     480.529,   -2.584e-05,   -9.873e-05
     482.645,    5.879e-05,   -2.681e-04
     484.762,    1.177e-04,   -2.112e-04
     486.879,    1.392e-04,   -6.629e-05
     488.996,    1.008e-04,   -7.307e-05
     491.113,   -7.062e-05,   -6.050e-05
     493.230,   -2.227e-04,   -2.921e-05
     495.347,   -1.626e-04,   -8.053e-05
     497.464,   -1.804e-05,   -2.255e-04
     499.580,    1.197e-04,   -3.807e-04
     501.697,    1.336e-04,   -3.328e-04
     503.814,    1.023e-04,   -2.455e-04
     505.931,    8.536e-05,   -1.634e-04
     508.048,    2.743e-05,    1.140e-04
     510.165,    4.672e-05,    1.972e-04
     512.282,   -4.549e-05,    1.647e-05
     514.398,   -1.892e-04,    6.299e-05
     516.515,   -1.045e-04,    2.095e-04
     518.632,    7.268e-05,    1.961e-04
     520.749,    9.673e-05,    1.124e-04
     522.866,    6.242e-05,    2.933e-05
     524.983,    1.086e-04,    2.718e-05
     527.100,    7.675e-05,    3.818e-05
     529.217,   -4.355e-05,    4.248e-06
     531.333,   -8.878e-05,    5.535e-05
     533.450,    1.063e-06,    6.994e-05
     535.567,    3.645e-05,   -1.647e-05
     537.684,   -5.868e-05,   -3.611e-05
     539.801,   -1.557e-04,    9.553e-06
     541.918,   -1.825e-04,   -4.534e-05
     544.035,   -8.330e-05,   -1.127e-04
     546.151,   -6.103e-05,   -2.062e-05
     548.268,   -1.262e-04,    4.805e-05
     550.385,   -1.812e-04,    7.206e-05
     552.502,   -2.213e-04,    5.051e-05
     554.619,   -1.797e-04,   -7.985e-05
     556.736,   -1.894e-04,   -7.900e-05
     558.853,   -1.989e-04,    8.929e-07
     560.970,   -6.903e-05,   -3.152e-05
     563.086,    1.397e-04,   -6.694e-05
     565.203,    2.401e-04,   -7.766e-05
     567.320,    9.253e-05,   -1.053e-04
     569.437,   -1.213e-05,   -1.131e-04
     571.554,    1.593e-04,   -1.065e-04
     573.671,    2.013e-04,   -9.532e-05
     575.788,    6.990e-06,   -5.189e-05
     577.904,   -1.383e-05,   -7.531e-05
     580.021,    8.784e-06,   -1.043e-04
     582.138,   -5.747e-05,   -4.747e-06
     584.255,    2.976e-05,    3.455e-05
     586.372,    1.218e-04,   -7.838e-05
     588.489,    7.831e-05,   -1.234e-04
     590.606,    2.158e-05,   -2.268e-05
     592.722,   -2.136e-05,    7.908e-05
     594.839,   -3.033e-05,    5.310e-05
     596.956,   -8.038e-05,    1.432e-05
     599.073,   -8.643e-05,    2.539e-05
     601.190,    6.372e-06,   -1.241e-05
     603.307,   -2.628e-05,    8.380e-05
     605.424,   -6.794e-05,    2.251e-04
     607.541,   -1.599e-05,    1.895e-04
     609.657,   -1.109e-05,    6.033e-05
     611.774,    2.030e-06,   -2.510e-05
     613.891,    9.476e-05,   -3.926e-05
     616.008,    1.917e-04,   -5.975e-05
     618.125,    1.937e-04,   -4.665e-05
     620.242,    1.273e-04,   -1.258e-05
     622.359,    6.255e-05,   -1.546e-05
     624.475,    4.177e-05,   -2.998e-05
     626.592,    9.681e-05,   -1.584e-05
     628.709,    1.063e-04,    1.207e-05
     630.826,    2.443e-05,   -2.655e-06
     632.943,   -1.213e-05,   -2.515e-05
     635.060,    2.597e-05,   -1.286e-05
     637.177,    8.406e-05,   -3.592e-05
     639.294,    1.006e-04,   -2.474e-05
     641.410,    5.769e-05,    5.598e-06
     643.527,    3.646e-05,   -1.102e-04
     645.644,    5.864e-05,   -1.689e-04
     647.761,    5.639e-05,   -5.888e-05
     649.878,    3.052e-05,    2.726e-05
     651.995,    4.341e-05,    1.033e-05
     654.112,    4.666e-05,   -5.555e-05
     656.228,   -2.710e-05,   -5.247e-05
     658.345,   -6.224e-05,    2.621e-05
     660.462,   -6.206e-05,    2.811e-05
     662.579,   -1.538e-04,   -5.228e-05
     664.696,   -1.809e-04,   -2.000e-05
     666.813,   -1.030e-04,    9.287e-07
     668.930,   -6.890e-05,   -1.125e-04
     671.047,   -4.297e-05,   -1.229e-04
     673.163,   -1.478e-05,   -5.706e-05
     675.280,   -5.623e-06,   -5.848e-05
     677.397,    6.586e-06,   -2.210e-05
     679.514,    1.858e-05,   -1.409e-05
     681.631,    5.931e-06,   -8.938e-05
     683.748,   -5.097e-05,   -7.947e-05
     685.865,   -6.105e-05,   -9.114e-06
     687.981,   -3.143e-05,    5.551e-05
     690.098,   -5.672e-05,    1.040e-04
     692.215,   -6.479e-05,    9.985e-05
     694.332,   -3.894e-05,    4.371e-05
     696.449,    1.850e-06,    9.353e-06
     698.566,    4.130e-05,   -3.426e-06
     700.683,    4.946e-05,   -2.654e-05
     702.800,    2.385e-05,    2.425e-05
     704.916,    1.068e-05,    7.802e-05
     707.033,    5.277e-05,    2.399e-05
     709.150,    3.424e-05,   -3.033e-05
     711.267,   -4.907e-05,   -3.384e-05
     713.384,   -1.031e-04,   -1.272e-05
     715.501,   -1.130e-04,    3.940e-05
     717.618,   -1.083e-04,    6.202e-05
     719.734,   -9.038e-05,    4.223e-05
     721.851,   -3.650e-05,    4.237e-05
     723.968,   -4.059e-06,    4.471e-05
     726.085,   -3.450e-05,    4.043e-05
     728.202,   -5.267e-05,    8.176e-05
     730.319,   -2.129e-05,    1.024e-04
     732.436,   -3.480e-05,    5.459e-05
     734.553,   -9.888e-05,    2.577e-05
     736.669,   -8.841e-05,    5.034e-05
     738.786,    7.293e-06,    6.278e-05
     740.903,    5.949e-05,    3.955e-05
     743.020,    5.211e-05,   -6.592e-06
     745.137,    5.331e-05,   -2.855e-05
     747.254,    7.145e-05,    3.912e-06
     749.371,    9.281e-05,    4.908e-05
     751.487,    8.822e-05,    8.279e-05
     753.604,    5.733e-05,    7.254e-05
     755.721,    2.671e-05,   -1.070e-05
     757.838,    1.464e-05,   -7.683e-05
     759.955,    2.108e-05,   -2.806e-05
     762.072,    6.926e-06,    2.759e-05
     764.189,   -8.653e-06,    1.885e-05
     766.306,    9.954e-06,    1.303e-05
     768.422,    2.536e-05,    5.503e-06
     770.539,    3.641e-05,    1.744e-05
     772.656,    4.556e-05,    4.371e-05
     774.773,    1.716e-05,    1.635e-05
     776.890,    5.021e-07,   -3.276e-05
     779.007,    4.100e-05,   -8.204e-05
     781.124,    7.317e-05,   -1.086e-04
     783.240,    7.986e-05,   -6.051e-05
     785.357,    4.517e-05,   -1.024e-05
     787.474,    1.466e-05,   -1.953e-05
     789.591,    7.972e-05,   -9.401e-06
     791.708,    7.127e-05,    3.267e-05
     793.825,   -1.145e-05,    3.486e-05
     795.942,    2.227e-05,    1.584e-06
     798.059,    7.613e-05,   -2.013e-05
     800.175,    7.454e-05,    5.332e-06
     802.292,    7.087e-05,    4.041e-05
     804.409,    5.421e-05,    8.963e-06
     806.526,    4.560e-05,   -1.974e-05
     808.643,    5.749e-05,    1.153e-05
     810.760,    4.967e-05,    1.973e-05
     812.877,    4.105e-05,   -1.637e-05
     814.993,    3.965e-05,   -5.619e-05
     817.110,    1.462e-05,   -4.774e-05
     819.227,    1.552e-05,   -9.112e-06
     821.344,    3.795e-05,    8.363e-06
     823.461,    2.567e-05,    5.139e-06
     825.578,    2.252e-05,   -1.681e-05
     827.695,    2.258e-05,   -2.218e-05
     829.811,   -3.556e-07,    1.347e-05
     831.928,   -4.757e-05,    6.062e-05
     834.045,   -7.035e-05,    4.497e-05
     836.162,   -4.107e-05,   -9.843e-06
     838.279,    1.209e-05,   -2.115e-05
     840.396,    4.292e-05,   -1.190e-05
     842.513,   -1.012e-06,    2.340e-05
     844.630,   -2.070e-05,    5.326e-05
     846.746,    1.753e-05,    3.241e-05
     848.863,    1.910e-05,    1.674e-05
     850.980,   -2.395e-05,    3.359e-05
     853.097,   -2.136e-05,    5.652e-05
     855.214,    1.811e-05,    5.667e-05
     857.331,    9.541e-06,    3.895e-05
     859.448,   -3.853e-05,    2.953e-05
     861.564,   -6.826e-05,    2.795e-05
     863.681,   -4.012e-05,    2.356e-05
     865.798,   -5.352e-06,    2.798e-05
     867.915,   -1.838e-05,    2.681e-05
     870.032,   -3.758e-05,    2.657e-05
     872.149,   -8.355e-06,    1.909e-05
     874.266,    4.274e-06,   -2.047e-05
     876.383,   -2.186e-05,   -3.199e-05
     878.499,   -1.863e-05,   -4.310e-07
     880.616,   -1.706e-05,    2.112e-05
     882.733,   -8.791e-06,    2.087e-05
     884.850,    3.724e-06,    1.890e-05
     886.967,   -2.940e-05,    2.538e-05
     889.084,   -3.675e-05,    7.721e-06
     891.201,    6.913e-06,   -3.776e-05
     893.317,    3.117e-05,   -3.889e-05
     895.434,    3.392e-05,    2.092e-05
     897.551,    1.497e-05,    5.588e-05
     899.668,   -1.343e-05,    2.308e-05
     901.785,   -1.145e-05,   -2.141e-05
     903.902,    5.821e-07,   -1.341e-05
     906.019,    2.306e-06,    2.307e-05
     908.136,    2.163e-06,    1.108e-05
     910.252,    1.170e-05,   -3.478e-05
     912.369,    3.996e-05,   -4.382e-05
     914.486,    6.319e-05,   -2.351e-05
     916.603,    2.327e-05,   -5.938e-07
     918.720,   -1.189e-05,    1.132e-05
     920.837,    4.831e-06,   -2.834e-05
     922.954,   -4.910e-06,   -5.146e-05
     925.070,   -2.447e-05,   -1.114e-05
     927.187,   -2.223e-05,    4.199e-06
     929.304,    7.296e-06,   -2.153e-06
     931.421,    3.963e-05,    3.393e-06
     933.538,    2.548e-05,   -1.803e-05
     935.655,   -2.190e-05,   -7.093e-05
     937.772,   -7.531e-06,   -8.949e-05
     939.889,    5.139e-05,   -4.497e-05
     942.005,    4.902e-05,   -1.392e-05
     944.122,    2.573e-05,   -1.232e-05
     946.239,    1.370e-05,    1.412e-05
     948.356,    1.769e-05,    3.778e-05
     950.473,    3.259e-05,    3.447e-05
     952.590,    3.701e-05,    2.647e-05
     954.707,    3.118e-05,   -1.825e-06
     956.823,   -1.165e-05,   -4.076e-05
     958.940,   -4.866e-05,   -2.490e-05
     961.057,   -4.675e-05,    1.102e-05
     963.174,   -3.109e-05,    2.960e-06
     965.291,   -3.318e-06,   -1.052e-05
     967.408,   -1.052e-05,   -6.925e-06
     969.525,   -2.269e-05,   -6.707e-07
     971.642,   -9.359e-06,    1.367e-06
     973.758,   -1.757e-05,   -6.102e-06
     975.875,   -1.135e-05,   -2.092e-05
     977.992,   -3.849e-06,   -3.451e-05
     980.109,   -1.902e-05,   -4.344e-05
     982.226,   -2.264e-05,   -3.588e-05
     984.343,   -2.496e-05,   -2.355e-05
     986.460,   -3.533e-05,   -1.307e-05
     988.576,   -3.794e-05,   -5.362e-06
     990.693,   -1.641e-05,   -1.607e-05
     992.810,    2.032e-05,    2.646e-06
     994.927,    2.587e-05,    4.643e-05
     997.044,    1.428e-05,    6.560e-05
     999.161,    3.071e-05,    4.636e-05
    1001.278,    2.056e-05,   -2.824e-06
    1003.395,   -1.815e-05,   -4.137e-07
    1005.511,   -2.179e-05,    3.525e-05
    1007.628,   -2.082e-05,    1.916e-05
    1009.745,   -1.772e-05,   -7.769e-06
    1011.862,    2.254e-05,   -1.447e-05
    1013.979,    3.340e-05,    3.634e-06
    1016.096,    1.090e-05,    5.158e-05
    1018.213,    2.196e-05,    6.499e-05
    1020.329,    3.493e-05,    2.471e-05
    1022.446,    2.491e-05,    9.303e-06
    1024.563,    1.087e-05,    2.030e-05
    1026.680,    3.187e-06,    1.587e-05
    1028.797,   -5.592e-06,    3.129e-05
    1030.914,   -1.599e-05,    3.668e-05
    1033.031,   -2.198e-05,    1.596e-05
    1035.148,   -1.922e-05,    9.385e-06
    1037.264,   -6.663e-07,    4.574e-07
    1039.381,    4.608e-06,    5.783e-07
    1041.498,   -1.399e-05,   -9.494e-06
    1043.615,   -1.828e-05,   -3.264e-05
    1045.732,    9.824e-07,   -2.783e-05
    1047.849,    1.109e-05,   -2.191e-05
    1049.966,    7.129e-06,   -1.633e-05
    1052.082,   -5.971e-06,    1.028e-05
    1054.199,   -2.796e-05,    2.496e-05
    1056.316,   -1.913e-05,    8.241e-06
    1058.433,    2.119e-05,   -8.574e-06
    1060.550,    5.165e-05,   -1.333e-05
    1062.667,    3.972e-05,   -2.662e-06
    1064.784,    4.840e-07,    1.166e-05
    1066.900,   -9.993e-06,    9.390e-07
    1069.017,    2.039e-06,    8.090e-07
    1071.134,    1.935e-06,    1.530e-05
    1073.251,   -4.580e-05,    1.420e-06
    1075.368,   -6.810e-05,   -9.046e-06
    1077.485,   -8.589e-06,    2.789e-06
    1079.602,    1.303e-05,   -6.514e-06
    1081.719,   -9.498e-06,   -2.507e-05
    1083.835,   -1.478e-05,   -8.675e-06
    1085.952,   -2.485e-05,    4.443e-06
    1088.069,   -3.064e-05,    9.821e-07
    1090.186,   -2.670e-05,    1.117e-05
    1092.303,   -1.663e-05,    1.459e-05
    1094.420,    1.338e-05,   -3.083e-06
    1096.537,    2.754e-05,   -2.746e-05
    1098.653,    1.536e-05,   -3.960e-05
    1100.770,    4.243e-06,   -2.930e-05
    1102.887,    5.956e-06,   -3.635e-06
    1105.004,    1.540e-05,    1.069e-06
    1107.121,    6.718e-06,   -9.877e-06
    1109.238,   -1.007e-05,   -1.371e-06
    1111.355,   -5.335e-06,    8.796e-06
    1113.472,    2.070e-05,    1.059e-05
    1115.588,    3.759e-05,    2.236e-05
    1117.705,    2.849e-05,    3.122e-05
    1119.822,    1.004e-05,    3.107e-05
    1121.939,   -2.613e-06,    3.156e-05
    1124.056,   -6.624e-07,    1.165e-05
    1126.173,    7.878e-06,   -1.784e-05
    1128.290,    3.825e-06,   -2.773e-05
    1130.406,   -2.808e-06,   -2.019e-05
    1132.523,    3.738e-06,   -8.232e-06
    1134.640,    5.998e-06,   -1.994e-06
    1136.757,   -6.598e-06,   -3.280e-07
    1138.874,   -1.679e-05,    4.875e-06
    1140.991,   -2.560e-05,    1.713e-05
    1143.108,   -2.654e-05,    1.714e-05
    1145.225,   -6.915e-06,    2.721e-06
    1147.341,    5.335e-06,   -1.024e-05
    1149.458,    1.026e-06,   -1.600e-05
    1151.575,   -1.146e-05,   -1.213e-05
    1153.692,   -1.627e-05,   -9.129e-06
    1155.809,    2.440e-06,   -1.743e-05
    1157.926,    6.424e-06,   -1.522e-05
    1160.043,   -1.696e-05,    3.746e-06
    1162.159,   -2.882e-05,    4.720e-06
    1164.276,   -9.788e-06,   -6.980e-06
    1166.393,    6.529e-06,   -1.200e-05
    1168.510,   -6.945e-06,   -8.330e-06
    1170.627,   -4.151e-06,   -3.764e-06
    1172.744,    1.838e-05,   -9.116e-06
    1174.861,    2.711e-05,   -1.186e-05
    1176.978,    2.598e-05,   -1.011e-05
    1179.094,    2.664e-06,   -1.380e-05
    1181.211,   -1.373e-05,   -1.484e-05
    1183.328,   -6.897e-06,   -1.317e-06
    1185.445,   -6.508e-06,    1.945e-05
    1187.562,    8.970e-06,    2.490e-05
    1189.679,    1.362e-07,   -1.108e-05
    1191.796,   -3.587e-05,   -4.034e-05
    1193.912,   -2.739e-05,   -8.062e-06
    1196.029,   -4.390e-06,    2.201e-05
    1198.146,    4.473e-06,    1.264e-05
    1200.263,    4.448e-06,    8.648e-06
    1202.380,   -4.668e-06,    1.659e-05
    1204.497,   -5.167e-06,    1.423e-05
    1206.614,    4.616e-06,    9.840e-06
    1208.731,    8.729e-06,    1.007e-05
    1210.847,   -1.692e-06,    8.145e-06
    1212.964,   -1.582e-05,    4.203e-07
    1215.081,   -1.458e-05,   -2.971e-06
    1217.198,   -3.176e-08,   -6.787e-07
    1219.315,    1.372e-05,   -8.266e-06
    1221.432,    1.010e-05,   -9.057e-06
    1223.549,   -4.620e-07,    3.847e-06
    1225.665,    6.221e-06,    2.088e-06
    1227.782,    6.223e-06,   -6.513e-06
    1229.899,   -2.213e-05,    8.303e-06
    1232.016,   -4.287e-05,    3.026e-05
    1234.133,   -2.852e-05,    3.248e-05
    1236.250,    4.169e-06,    2.730e-05
    1238.367,    1.238e-05,    2.219e-05
    1240.484,   -1.432e-05,    1.256e-05
    1242.600,   -1.535e-05,    1.149e-05
    1244.717,    1.629e-06,    8.115e-06
    1246.834,    1.391e-05,   -7.510e-06
    1248.951,    3.634e-05,   -1.436e-05
    1251.068,    2.510e-05,   -2.032e-05
    1253.185,   -4.219e-06,   -2.139e-05
    1255.302,   -1.405e-05,   -7.610e-06
    1257.418,   -1.301e-05,   -3.888e-06
    1259.535,   -7.242e-06,    3.909e-06
    1261.652,   -1.561e-05,    1.087e-05
    1263.769,   -1.870e-05,   -1.230e-06
    1265.886,    2.246e-06,   -1.713e-06
    1268.003,    1.979e-06,    9.871e-06
    1270.120,   -1.820e-05,    1.713e-05
    1272.237,   -1.312e-05,    1.503e-05
    1274.353,    4.527e-06,    1.129e-05
    1276.470,    3.553e-06,    5.701e-06
    1278.587,   -1.535e-05,    5.769e-07
    1280.704,   -1.880e-05,    1.251e-05
    1282.821,   -3.349e-06,    9.361e-06
    1284.938,   -5.390e-06,   -3.574e-06
    1287.055,   -2.739e-05,   -8.817e-06
    1289.171,   -3.877e-05,   -2.745e-05
    1291.288,   -3.681e-05,   -2.565e-05
    1293.405,   -4.078e-05,   -2.872e-06
    1295.522,   -3.347e-05,    1.278e-06
    1297.639,   -9.382e-06,   -8.338e-06
    1299.756,    2.938e-06,   -6.868e-06
    1301.873,    6.335e-06,   -2.758e-07
    1303.989,    8.644e-06,   -1.042e-05
    1306.106,    6.010e-06,   -1.776e-05
    1308.223,    1.187e-05,   -3.688e-06
    1310.340,    1.503e-05,    5.250e-06
    1312.457,    6.476e-06,   -5.467e-06
    1314.574,   -4.526e-06,   -8.981e-06
    1316.691,   -1.188e-05,    8.868e-08
    1318.808,   -1.049e-05,    4.904e-06
    1320.924,   -5.586e-06,    5.884e-06
    1323.041,    2.682e-06,    1.070e-06
    1325.158,    8.135e-06,   -9.817e-07
    1327.275,    9.683e-06,    4.137e-06
    1329.392,    5.691e-06,    3.504e-07
    1331.509,    8.026e-06,    4.074e-06
    1333.626,    2.343e-05,    2.110e-05
    1335.742,    2.777e-05,    1.857e-05
    1337.859,    2.083e-05,   -3.142e-07
    1339.976,    8.827e-06,   -2.763e-06
    1342.093,   -1.238e-05,    3.078e-06
    1344.210,   -1.892e-05,    3.635e-06
    1346.327,    5.908e-06,   -6.142e-06
    1348.444,    2.014e-05,   -1.257e-05
    1350.561,    9.255e-06,    2.318e-06
    1352.677,    2.962e-06,    1.639e-06
    1354.794,    6.459e-07,   -6.115e-06
    1356.911,   -3.042e-06,    9.051e-06
    1359.028,   -8.657e-06,    2.477e-05
    1361.145,   -1.363e-05,    1.665e-05
    1363.262,   -1.148e-05,    4.008e-06
    1365.379,   -2.877e-06,    1.195e-06
    1367.495,    8.453e-06,   -3.263e-06
    1369.612,    9.474e-06,   -4.489e-06
    1371.729,    4.730e-07,   -1.220e-05
    1373.846,    2.968e-06,   -1.490e-05
    1375.963,    7.780e-06,    5.679e-06
    1378.080,    9.472e-06,    2.287e-05
    1380.197,    1.904e-05,    3.214e-05
    1382.314,    1.038e-05,    3.446e-05
    1384.430,   -1.091e-05,    9.211e-06
    1386.547,   -1.047e-05,   -3.289e-06
    1388.664,    3.908e-07,    7.297e-06
    1390.781,   -5.106e-06,    1.040e-05
    1392.898,   -1.627e-05,    7.695e-06
    1395.015,   -9.985e-06,    3.422e-06
    1397.132,   -3.178e-06,    2.814e-06
    1399.248,   -1.740e-05,   -3.392e-06
    1401.365,   -3.223e-05,   -4.472e-06
    1403.482,   -2.584e-05,    1.837e-06
    1405.599,   -4.405e-06,   -4.789e-06
    1407.716,    1.744e-05,   -1.081e-05
    1409.833,    1.578e-05,   -3.213e-06
    1411.950,   -3.692e-06,    8.607e-06
    1414.067,   -6.210e-06,    1.531e-05
    1416.183,    8.052e-06,    7.242e-06
    1418.300,    9.601e-06,   -5.061e-06
    1420.417,   -1.189e-05,   -4.989e-06
    1422.534,   -2.725e-05,   -4.459e-06
    1424.651,   -2.056e-05,   -7.883e-06
    1426.768,   -6.574e-06,   -3.642e-07
    1428.885,    6.242e-06,    1.078e-05
    1431.001,    7.390e-06,    1.386e-05
    1433.118,   -2.959e-06,    2.080e-05
    1435.235,   -5.402e-06,    2.586e-05
    1437.352,    4.167e-06,    2.076e-05
    1439.469,    1.422e-05,    1.601e-05
    1441.586,    1.461e-05,    8.402e-06
    1443.703,    1.039e-05,    2.772e-06
    1445.820,    9.992e-06,    4.563e-06
    1447.936,    9.216e-06,    4.602e-06
    1450.053,    5.622e-06,   -2.189e-06
    1452.170,    4.162e-06,   -9.190e-06
    1454.287,    2.335e-06,   -6.965e-06
    1456.404,   -2.034e-06,   -3.332e-06
    1458.521,   -8.348e-06,   -5.110e-07
    1460.638,   -1.432e-05,    5.056e-06
    1462.754,   -1.020e-05,    9.984e-06
    1464.871,    1.918e-06,    1.096e-05
    1466.988,    1.162e-05,    6.389e-06
    1469.105,    1.376e-05,   -2.155e-06
    1471.222,    4.279e-06,   -4.266e-06
    1473.339,   -1.047e-05,    1.018e-05
    1475.456,   -1.249e-05,    1.745e-05
    1477.573,   -8.085e-06,    6.748e-06
    1479.689,   -5.569e-06,   -7.796e-06
    1481.806,    3.590e-06,   -2.063e-05
    1483.923,    1.350e-05,   -2.300e-05
    1486.040,    1.137e-05,   -1.801e-05
    1488.157,    4.218e-06,   -1.713e-05
    1490.274,    1.657e-05,   -3.654e-05
    1492.391,    2.758e-05,   -3.389e-05
    1494.507,    1.881e-05,    4.702e-06
    1496.624,    3.403e-06,    3.525e-06
    1498.741,   -1.858e-05,   -1.477e-05
    1500.858,   -2.027e-05,   -1.155e-05
    1502.975,   -5.447e-06,   -1.364e-05
    1505.092,   -6.042e-07,   -1.121e-05
    1507.209,    5.273e-06,    1.822e-06
    1509.326,    1.133e-05,    6.997e-06
    1511.442,    1.246e-05,    4.024e-06
    1513.559,    5.220e-06,   -2.946e-06
    1515.676,   -1.003e-05,   -1.856e-05
    1517.793,   -1.127e-05,   -2.068e-05
    1519.910,   -8.267e-07,   -3.139e-06
    1522.027,    1.437e-05,   -3.058e-06
    1524.144,    1.732e-05,   -1.343e-05
    1526.260,   -3.051e-06,   -1.003e-05
    1528.377,   -9.783e-06,   -2.226e-06
    1530.494,   -5.515e-06,    2.988e-07
    1532.611,   -1.102e-06,   -2.889e-06
    1534.728,    1.355e-05,    7.835e-07
    1536.845,    1.104e-05,    1.284e-05
    1538.962,   -7.263e-06,    1.499e-05
    1541.078,   -7.727e-06,    5.881e-06
    1543.195,   -9.607e-06,    1.857e-06
    1545.312,   -1.301e-05,    6.407e-06
    1547.429,    3.776e-06,    3.631e-06
    1549.546,    1.201e-05,   -9.970e-06
    1551.663,    4.728e-06,   -1.622e-05
    1553.780,    4.660e-06,   -1.106e-05
    1555.897,    8.987e-06,   -8.547e-06
    1558.013,    5.651e-06,   -7.475e-06
    1560.130,    2.506e-06,    6.864e-07
    1562.247,   -5.429e-06,    4.281e-06
    1564.364,   -1.700e-05,   -1.879e-07
    1566.481,   -6.403e-06,    3.901e-06
    1568.598,    2.162e-06,    1.175e-05
    1570.715,   -4.601e-06,    1.343e-05
    1572.831,    6.208e-07,    1.623e-05
    1574.948,    8.478e-06,    9.331e-06
    1577.065,    1.092e-05,   -5.712e-06
    1579.182,    1.137e-05,   -1.061e-05
    1581.299,    4.388e-06,   -4.290e-06
    1583.416,   -1.058e-06,   -8.118e-08
    1585.533,   -9.748e-07,   -7.612e-06
    1587.650,   -4.775e-06,   -4.916e-06
    1589.766,   -7.001e-06,    4.550e-06
    1591.883,   -5.599e-06,    2.764e-06
    1594.000,   -5.367e-06,    1.058e-06
    1596.117,    2.252e-06,    8.390e-07
    1598.234,    9.343e-06,    4.000e-06
    1600.351,    8.940e-06,    1.237e-05
    1602.468,    4.938e-06,    1.195e-05
    1604.584,    1.195e-06,    1.876e-06
    1606.701,    7.208e-06,    1.607e-08
    1608.818,    5.918e-06,    6.995e-06
    1610.935,   -4.603e-06,    5.424e-06
    1613.052,   -3.622e-06,    1.655e-06
    1615.169,   -1.441e-06,    6.932e-06
    1617.286,   -3.473e-06,    4.883e-06
    1619.403,    1.876e-06,   -6.170e-06
    1621.519,    2.831e-06,   -5.851e-06
    1623.636,   -5.759e-06,    2.231e-06
    1625.753,   -9.076e-06,    3.842e-06
    1627.870,   -1.183e-05,    4.429e-06
    1629.987,   -1.055e-05,    7.099e-06
    1632.104,   -2.512e-06,    7.110e-06
    1634.221,   -3.017e-06,    4.384e-06
    1636.337,   -4.971e-06,   -1.671e-06
    1638.454,    5.651e-06,   -5.393e-06
    1640.571,    1.568e-05,   -4.332e-06
    1642.688,    1.113e-05,   -6.372e-06
    1644.805,    1.582e-06,   -4.650e-06
    1646.922,   -5.193e-06,    3.167e-06
    1649.039,   -8.807e-06,    5.326e-06
    1651.156,   -1.110e-05,    2.736e-06
    1653.272,   -8.431e-06,   -1.207e-06
    1655.389,    4.160e-06,   -3.712e-06
    1657.506,    1.206e-05,   -2.410e-06
    1659.623,    3.939e-06,   -1.726e-08
    1661.740,   -7.923e-06,    1.346e-06
    1663.857,   -5.657e-06,    2.998e-06
    1665.974,    3.142e-06,    2.260e-06
    1668.090,    1.999e-06,   -2.269e-06
    1670.207,    3.086e-06,   -3.591e-06
    1672.324,    9.930e-06,   -2.698e-06
    1674.441,    8.763e-06,   -2.559e-06
    1676.558,    5.972e-06,   -1.772e-06
    1678.675,    4.720e-06,   -3.088e-06
    1680.792,   -2.463e-06,   -6.033e-06
    1682.909,   -9.085e-06,   -3.730e-06
    1685.025,   -3.679e-06,    1.352e-06
    1687.142,    7.315e-06,    1.300e-06
    1689.259,    7.109e-06,    4.029e-06
    1691.376,    1.866e-06,    7.708e-06
    1693.493,    1.203e-06,    2.297e-06
    1695.610,    3.376e-06,   -2.509e-06
    1697.727,    3.948e-06,   -2.638e-06
    1699.843,    1.996e-06,   -2.036e-06
    1701.960,    2.266e-06,   -5.862e-07
    1704.077,   -1.784e-06,   -4.980e-06
    1706.194,   -7.860e-06,   -1.333e-05
    1708.311,   -4.425e-06,   -1.310e-05
    1710.428,    8.783e-07,   -8.886e-06
    1712.545,   -6.757e-06,   -2.943e-06
    1714.662,   -1.424e-05,    3.951e-06
    1716.778,   -4.874e-06,    5.111e-06
    1718.895,    5.700e-06,    7.714e-06
    1721.012,    1.125e-06,    7.725e-06
    1723.129,   -4.904e-06,   -4.929e-06
    1725.246,    1.445e-06,   -9.473e-06
    1727.363,    7.238e-06,    2.213e-06
    1729.480,    5.836e-06,    1.215e-05
    1731.596,    3.072e-06,    1.595e-05
    1733.713,    5.719e-06,    1.295e-05
    1735.830,    1.161e-05,    5.133e-06
    1737.947,    1.090e-05,   -1.784e-06
    1740.064,    9.417e-06,   -4.756e-06
    1742.181,    1.027e-05,   -8.433e-06
    1744.298,    1.110e-05,   -1.174e-05
    1746.415,    1.202e-05,   -1.088e-05
    1748.531,    1.070e-05,   -5.440e-06
    1750.648,    1.003e-05,    3.648e-06
    1752.765,    8.740e-06,    3.763e-06
    1754.882,    7.646e-06,    1.568e-06
    1756.999,    5.031e-06,    6.773e-06
    1759.116,   -3.481e-06,    6.744e-06
    1761.233,   -3.399e-06,    1.268e-07
    1763.349,    3.664e-06,   -4.423e-06
    1765.466,    3.733e-06,   -6.841e-06
    1767.583,    6.468e-07,   -7.619e-06
    1769.700,   -4.158e-06,   -1.949e-06
    1771.817,   -6.594e-06,    1.181e-06
    1773.934,   -9.624e-06,   -5.678e-06
    1776.051,   -1.189e-05,   -9.526e-06
    1778.167,   -2.011e-08,   -4.934e-06
    1780.284,    8.077e-06,    1.434e-07
    1782.401,    5.612e-06,   -4.570e-06
    1784.518,    3.946e-06,   -7.666e-06
    1786.635,   -2.231e-06,   -3.534e-06
    1788.752,   -7.022e-06,   -6.345e-06
    1790.869,   -2.619e-06,   -4.318e-06
    1792.986,   -4.004e-07,    2.036e-06
    1795.102,   -1.312e-06,   -1.862e-06
    1797.219,    2.433e-06,   -5.904e-06
    1799.336,    1.788e-06,   -1.508e-06
    1801.453,   -6.816e-07,    3.734e-06
    1803.570,    3.414e-07,    2.076e-06
    1805.687,   -2.811e-06,    8.864e-07
    1807.804,   -5.534e-06,    3.850e-06
    1809.920,    6.337e-07,    2.150e-06
    1812.037,    4.443e-06,   -2.045e-06
    1814.154,   -5.158e-08,   -5.269e-06
    1816.271,    1.338e-06,   -7.630e-06
    1818.388,    5.751e-06,   -5.724e-06
    1820.505,    4.706e-06,   -1.545e-06
    1822.622,    3.315e-06,   -3.499e-07
    1824.739,    3.239e-06,   -2.303e-06
    1826.855,    3.501e-06,   -2.120e-06
    1828.972,    5.839e-06,    3.509e-07
    1831.089,    2.282e-06,    3.323e-06
    1833.206,   -9.456e-06,    6.150e-06
    1835.323,   -9.018e-06,    2.458e-06
    1837.440,    1.909e-06,   -2.186e-06
    1839.557,    2.664e-06,    1.651e-06
    1841.673,   -4.765e-06,    5.146e-06
    1843.790,   -3.451e-06,    4.225e-06
    1845.907,    1.939e-06,    9.208e-07
    1848.024,   -2.730e-06,   -6.095e-07
    1850.141,   -9.252e-06,    1.572e-06
    1852.258,   -8.292e-06,    2.708e-06
    1854.375,    3.513e-06,    3.495e-06
    1856.492,    9.219e-06,    6.003e-06
    1858.608,   -1.778e-06,    8.297e-06
    1860.725,   -1.063e-05,    4.737e-06
    1862.842,   -1.199e-05,   -3.398e-06
    1864.959,   -7.550e-06,   -4.293e-06
    1867.076,    3.291e-07,    4.104e-07
    1869.193,    7.085e-07,    1.949e-06
    1871.310,    1.453e-06,    1.566e-06
    1873.426,    9.533e-06,   -1.081e-06
    1875.543,    1.050e-05,   -5.246e-06
    1877.660,    3.628e-06,   -4.921e-06
    1879.777,   -1.224e-06,    1.583e-06
    1881.894,   -1.700e-06,    3.683e-06
    1884.011,    2.795e-06,   -6.600e-07
    1886.128,    2.073e-06,   -1.993e-06
    1888.245,   -4.359e-06,    3.941e-07
    1890.361,   -4.583e-06,    1.884e-06
    1892.478,   -2.530e-06,    2.343e-06
    1894.595,   -2.163e-06,   -9.020e-07
    1896.712,   -3.908e-06,   -5.394e-06
    1898.829,   -3.622e-06,   -3.165e-06
    1900.946,    2.183e-06,   -1.952e-06
    1903.063,    3.585e-06,   -4.342e-06
    1905.179,   -5.559e-06,   -2.200e-06
    1907.296,   -1.050e-05,    1.711e-06
    1909.413,   -5.964e-06,   -9.507e-07
    1911.530,    1.977e-06,    5.776e-06
    1913.647,    8.500e-06,    1.469e-05
    1915.764,    4.196e-06,    2.976e-06
    1917.881,   -3.577e-06,   -3.187e-06
    1919.998,   -8.635e-06,   -6.599e-07
    1922.114,   -1.123e-05,   -2.948e-06
    1924.231,   -1.049e-05,   -4.014e-06
    1926.348,   -1.009e-05,   -5.382e-06
    1928.465,   -4.416e-06,   -2.677e-06
    1930.582,    3.834e-06,    7.484e-06
    1932.699,    1.443e-06,    1.012e-05
    1934.816,   -3.115e-06,    1.099e-06
    1936.932,    5.226e-07,   -6.274e-06
    1939.049,    6.929e-06,   -7.990e-06
    1941.166,    7.309e-06,   -4.541e-06
    1943.283,    2.858e-06,    3.473e-07
    1945.400,    5.688e-07,    2.527e-06
    1947.517,   -2.012e-06,    1.655e-06
    1949.634,   -3.385e-06,    1.028e-06
    1951.751,   -2.030e-06,    2.374e-06
    1953.867,   -3.004e-06,    2.124e-06
    1955.984,   -4.189e-06,   -3.962e-07
    1958.101,    8.072e-07,   -4.341e-06
    1960.218,    5.666e-06,   -5.273e-06
    1962.335,    5.133e-06,   -3.796e-06
    1964.452,    5.074e-06,   -5.148e-06
    1966.569,    2.876e-06,   -5.644e-06
    1968.685,    7.219e-07,   -3.807e-06
    1970.802,    3.961e-06,   -4.881e-06
    1972.919,    5.536e-06,   -8.088e-06
    1975.036,    6.964e-06,   -5.966e-06
    1977.153,    9.783e-06,    2.875e-06
    1979.270,    1.049e-05,    6.562e-06
    1981.387,    1.048e-05,    1.091e-06
    1983.504,    8.472e-06,   -1.855e-06
    1985.620,    6.012e-06,    1.700e-06
    1987.737,    5.751e-07,    5.017e-06
    1989.854,   -5.346e-06,    4.138e-06
    1991.971,   -3.698e-06,    2.927e-06
    1994.088,   -1.270e-06,    4.199e-06
    1996.205,    5.829e-07,    6.808e-06
    1998.322,    4.048e-06,    3.401e-06
    2000.438,    9.499e-07,   -3.690e-06
    2002.555,   -2.652e-06,   -1.377e-06
    2004.672,   -1.274e-06,    6.470e-07
    2006.789,   -2.175e-06,   -4.312e-06
    2008.906,   -2.629e-06,   -5.582e-06
    2011.023,    8.594e-07,   -6.582e-06
    2013.140,    6.316e-06,   -8.105e-06
    2015.256,    5.554e-06,   -5.987e-06
    2017.373,   -2.871e-06,   -5.195e-06
    2019.490,   -6.709e-06,   -4.960e-06
    2021.607,   -3.561e-06,   -4.209e-06
    2023.724,    3.445e-06,   -2.983e-06
    2025.841,    5.855e-06,    1.779e-07
    2027.958,    2.772e-06,    3.675e-07
    2030.075,    5.012e-06,   -3.327e-06
    2032.191,    4.960e-06,   -5.191e-06
    2034.308,    1.898e-06,   -4.826e-06
    2036.425,    4.665e-06,   -6.373e-06
    2038.542,    7.916e-06,   -5.999e-06
    2040.659,    6.116e-06,    7.668e-07
    2042.776,    1.852e-06,    6.123e-06
    2044.893,   -1.783e-06,    5.354e-06
    2047.009,   -2.010e-06,    2.852e-06
    2049.126,    2.204e-06,   -1.152e-06
    2051.243,    2.193e-06,   -3.226e-06
    2053.360,    4.315e-07,    2.272e-07
    2055.477,    1.594e-06,    1.186e-06
    2057.594,    1.263e-06,   -1.102e-06
    2059.711,    3.054e-06,   -4.884e-07
    2061.828,    5.133e-06,    4.791e-06
    2063.944,    3.788e-06,    8.400e-06
    2066.061,    3.681e-06,    1.480e-06
    2068.178,    3.876e-06,   -2.598e-06
    2070.295,    9.103e-07,    2.363e-06
    2072.412,   -1.382e-07,   -1.072e-06
    2074.529,    1.660e-06,   -9.381e-06
    2076.646,   -3.151e-06,   -1.041e-05
    2078.762,   -8.825e-06,   -6.048e-06
    2080.879,   -7.084e-06,    4.023e-07
    2082.996,   -5.933e-06,    2.107e-06
    2085.113,   -4.297e-06,   -5.274e-07
    2087.230,   -4.265e-07,   -2.110e-06
    2089.347,    1.233e-06,   -3.534e-06
    2091.464,   -1.975e-08,   -2.159e-06
    2093.581,   -1.354e-06,   -5.106e-07
    2095.697,    8.695e-07,   -2.411e-06
    2097.814,    2.431e-06,   -3.327e-06
    2099.931,    2.112e-06,   -6.013e-07
    2102.048,    2.824e-06,    9.304e-07
    2104.165,    3.523e-06,   -3.448e-08
    2106.282,    4.391e-06,    1.467e-06
    2108.399,    6.120e-06,    2.583e-06
    2110.515,    8.364e-06,    8.241e-08
    2112.632,    6.696e-06,   -2.597e-06
    2114.749,    3.203e-06,   -1.754e-06
    2116.866,    2.423e-06,    6.442e-07
    2118.983,   -1.326e-07,    2.559e-06
    2121.100,   -2.744e-06,    6.003e-06
    2123.217,    4.738e-07,    9.175e-06
    2125.334,    4.548e-06,    9.705e-06
    2127.450,    2.198e-06,    5.775e-06
    2129.567,   -8.323e-07,    1.773e-06
    2131.684,   -5.035e-07,    1.203e-06
    2133.801,    3.525e-06,   -4.711e-08
    2135.918,    5.696e-06,    1.068e-06
    2138.035,   -7.238e-07,    3.534e-06
    2140.152,   -5.560e-06,    1.809e-06
    2142.268,   -3.861e-06,   -2.115e-06
    2144.385,   -1.307e-06,   -4.887e-06
    2146.502,    1.244e-07,   -4.333e-06
    2148.619,   -2.495e-07,   -8.448e-07
    2150.736,   -4.189e-06,    1.011e-06
    2152.853,   -7.519e-06,   -7.456e-07
    2154.970,   -4.472e-06,    4.234e-07
    2157.087,    1.421e-06,    2.388e-06
    2159.203,    3.124e-06,   -1.455e-06
    2161.320,    1.634e-06,   -4.282e-06
    2163.437,    8.434e-07,   -4.979e-06
    2165.554,   -4.178e-07,   -5.846e-06
    2167.671,    1.801e-06,   -2.441e-06
    2169.788,    5.466e-06,    1.586e-06
    2171.905,    3.197e-06,    6.961e-07
    2174.021,   -2.882e-07,   -1.872e-06
    2176.138,    5.541e-07,   -2.021e-06
    2178.255,    5.257e-06,   -7.411e-07
    2180.372,    6.539e-06,    2.002e-06
    2182.489,    1.081e-06,    6.315e-06
    2184.606,   -2.817e-06,    5.921e-06
    2186.723,    6.058e-07,    3.071e-06
    2188.840,    3.595e-06,    3.351e-06
    2190.956,    1.674e-06,    3.283e-06
    2193.073,    2.243e-06,    1.833e-06
    2195.190,    3.327e-06,   -2.316e-07
    2197.307,    2.835e-06,   -2.355e-06
    2199.424,    1.824e-06,   -4.638e-06
    2201.541,   -2.682e-07,   -4.262e-06
    2203.658,    2.332e-06,    1.154e-06
    2205.774,    6.517e-06,    3.490e-06
    2207.891,    5.253e-06,   -1.812e-07
    2210.008,    2.782e-06,   -2.670e-06
    2212.125,    2.968e-06,   -5.296e-06
    2214.242,    4.469e-06,   -5.014e-06
    2216.359,    2.287e-06,   -3.524e-07
    2218.476,   -3.042e-06,    5.316e-07
    2220.593,   -3.840e-06,   -5.872e-07
    2222.709,   -9.695e-07,   -2.288e-06
    2224.826,   -1.314e-06,   -1.591e-06
    2226.943,   -5.276e-06,    3.902e-07
    2229.060,   -3.679e-06,   -2.347e-06
    2231.177,    3.124e-06,   -4.899e-06
    2233.294,    4.756e-06,   -5.201e-06
    2235.411,    3.034e-06,   -5.761e-06
    2237.527,    1.061e-06,   -6.217e-06
    2239.644,   -1.498e-06,   -4.096e-06
    2241.761,   -6.728e-07,    7.682e-07
    2243.878,    3.349e-07,    1.559e-06
    2245.995,   -9.658e-07,   -8.109e-07
    2248.112,   -3.329e-06,   -2.040e-06
    2250.229,   -3.080e-06,   -3.138e-06
    2252.345,    3.115e-06,   -1.892e-06
    2254.462,    6.274e-06,    1.966e-06
    2256.579,    2.607e-06,    3.171e-06
    2258.696,   -8.370e-07,    1.839e-07
    2260.813,   -1.170e-06,   -1.126e-06
    2262.930,   -1.313e-06,    1.583e-06
    2265.047,   -1.556e-06,    4.310e-06
    2267.164,   -3.409e-07,    4.392e-06
    2269.280,    1.940e-06,    3.642e-06
    2271.397,    1.468e-06,    2.343e-06
    2273.514,   -1.005e-06,   -6.613e-07
    2275.631,    6.921e-07,   -3.612e-06
    2277.748,    3.273e-06,   -2.988e-06
    2279.865,    2.788e-06,    4.916e-07
    2281.982,    1.201e-06,   -5.320e-07
    2284.098,    4.247e-07,   -1.196e-06
    2286.215,    2.813e-07,    4.045e-06
    2288.332,   -8.247e-07,    5.174e-06
    2290.449,   -1.798e-06,    1.685e-06
    2292.566,    3.542e-07,   -3.048e-07
    2294.683,    2.955e-06,   -1.421e-06
    2296.800,    2.511e-06,   -1.784e-06
    2298.917,    1.421e-06,   -2.063e-07
    2301.033,   -5.876e-07,    1.008e-06
    2303.150,   -3.332e-06,    1.036e-06
    2305.267,   -1.254e-06,    5.488e-07
    2307.384,    2.824e-06,   -1.473e-06
    2309.501,    9.838e-07,   -1.001e-06
    2311.618,   -1.691e-06,   -2.811e-08
    2313.735,   -3.782e-07,   -8.313e-07
    2315.851,   -1.309e-06,    9.038e-07
    2317.968,   -3.986e-06,    2.206e-06
    2320.085,   -2.348e-06,    1.942e-06
    2322.202,    7.152e-07,    4.461e-07
    2324.319,   -3.149e-07,   -9.049e-07
    2326.436,   -1.037e-06,    1.720e-06
    2328.553,    2.363e-06,    4.473e-06
    2330.670,    3.248e-06,    4.086e-06
    2332.786,   -1.031e-06,    3.090e-06
    2334.903,   -4.084e-06,    1.210e-07
    2337.020,   -2.324e-06,   -5.045e-06
    2339.137,   -6.313e-07,   -3.060e-06
    2341.254,   -2.564e-06,    1.371e-06
    2343.371,   -4.105e-06,   -4.782e-07
    2345.488,   -3.048e-08,    3.404e-07
    2347.604,    3.672e-06,    2.710e-06
    2349.721,    9.349e-07,    1.566e-06
    2351.838,   -1.955e-06,   -1.906e-07
    2353.955,    9.578e-07,   -1.892e-06
    2356.072,    4.905e-06,   -2.382e-06
    2358.189,    4.655e-06,   -1.182e-06
    2360.306,    4.822e-06,    1.469e-06
    2362.423,    4.800e-06,    2.323e-06
    2364.539,    2.971e-06,   -6.144e-08
    2366.656,    1.983e-06,   -1.771e-06
    2368.773,    3.152e-07,   -2.700e-06
    2370.890,   -2.314e-06,   -2.046e-06
    2373.007,   -3.845e-06,   -2.724e-07
    2375.124,   -3.254e-06,   -1.800e-06
    2377.241,   -2.335e-06,   -3.284e-06
    2379.357,   -1.349e-06,   -1.390e-06
    2381.474,    6.437e-07,    7.028e-07
    2383.591,    2.305e-06,   -1.681e-08
    2385.708,   -3.065e-07,   -6.457e-07
    2387.825,   -4.023e-06,    2.357e-07
    2389.942,   -5.619e-07,   -1.981e-07
    2392.059,    3.282e-06,    4.606e-07
    2394.176,    3.477e-06,    2.704e-06
    2396.292,    2.593e-06,    3.376e-06
    2398.409,    1.025e-06,    2.076e-07
    2400.526,    1.609e-06,   -2.414e-06
    2402.643,    4.613e-07,   -1.223e-06
    2404.760,   -1.004e-06,    1.427e-06
    2406.877,    2.528e-06,    4.146e-06
    2408.994,    3.609e-06,    3.154e-06
    2411.110,    1.394e-06,    2.131e-06
    2413.227,    7.912e-07,    2.797e-06
    2415.344,   -8.609e-07,    1.104e-06
    2417.461,   -2.256e-06,   -1.826e-07
    2419.578,   -1.428e-06,   -6.870e-07
    2421.695,    1.564e-07,   -1.673e-06
    2423.812,    7.508e-07,   -1.164e-06
    2425.929,    7.210e-07,    8.356e-07
    2428.045,    1.126e-06,    3.680e-07
    2430.162,    1.723e-06,   -1.302e-06
    2432.279,    2.853e-06,    2.961e-07
    2434.396,    9.773e-07,    5.621e-07
    2436.513,   -3.284e-06,   -1.692e-06
    2438.630,   -4.511e-06,    8.533e-08
    2440.747,   -4.702e-06,    1.995e-06
    2442.863,   -3.258e-06,    2.751e-06
    2444.980,   -6.926e-07,    4.897e-06
    2447.097,   -1.413e-06,    2.174e-06
    2449.214,   -2.718e-06,   -1.982e-06
    2451.331,   -1.918e-06,   -2.939e-06
    2453.448,   -6.412e-07,   -3.167e-06
    2455.565,   -1.679e-06,   -3.398e-06
    2457.682,   -3.608e-06,   -3.033e-06
    2459.798,   -1.187e-06,    7.928e-07
    2461.915,    1.076e-06,    3.835e-06
    2464.032,   -1.557e-06,    8.206e-07
    2466.149,   -2.667e-06,   -1.437e-06
    2468.266,    2.029e-07,    3.291e-07
    2470.383,    3.200e-06,    1.743e-06
    2472.500,    3.348e-06,    1.901e-06
    2474.616,    2.178e-06,    2.490e-07
    2476.733,    2.535e-06,   -2.833e-07
    2478.850,    2.937e-06,    1.025e-06
    2480.967,    1.862e-06,    5.688e-07
    2483.084,    1.076e-06,   -1.422e-06
    2485.201,    9.506e-07,   -3.275e-06
    2487.318,    1.219e-06,   -2.029e-06
    2489.434,    1.765e-06,   -1.104e-06
    2491.551,    2.157e-06,   -4.287e-06
    2493.668,    7.378e-07,   -3.254e-06
    2495.785,   -2.385e-08,    2.210e-06
    2497.902,    7.714e-07,    6.987e-07
    2500.019,   -2.062e-06,   -3.851e-06
    2502.136,   -5.548e-06,   -4.947e-06
    2504.253,   -5.525e-06,   -4.013e-06
    2506.369,   -2.027e-06,   -2.905e-06
    2508.486,    1.735e-06,   -3.200e-06
    2510.603,    1.957e-06,   -2.141e-06
    2512.720,    1.152e-06,    3.990e-07
    2514.837,   -2.346e-07,    1.229e-06
    2516.954,   -1.574e-06,    1.290e-06
    2519.071,   -4.759e-07,    1.581e-06
    2521.187,   -5.721e-07,    1.605e-06
    2523.304,   -8.850e-07,    3.023e-06
    2525.421,    1.265e-06,    3.919e-06
    2527.538,    2.444e-06,    3.966e-06
    2529.655,    1.981e-06,    3.381e-06
    2531.772,    1.198e-06,    1.764e-06
    2533.889,    1.546e-06,    2.514e-06
    2536.006,    3.260e-06,    2.247e-06
    2538.122,    1.615e-06,   -8.422e-07
    2540.239,   -2.813e-06,    4.860e-07
    2542.356,   -3.820e-06,    2.915e-06
    2544.473,   -1.692e-06,    1.001e-06
    2546.590,   -2.157e-06,   -1.110e-06
    2548.707,   -4.680e-06,   -2.030e-06
    2550.824,   -5.357e-06,   -3.173e-06
    2552.940,   -3.913e-06,   -2.271e-06
    2555.057,   -9.781e-07,    1.642e-06
    2557.174,    5.566e-07,    3.301e-06
    2559.291,    1.239e-06,    7.875e-07
    2561.408,    2.115e-06,   -2.064e-07
    2563.525,    1.675e-06,    2.011e-06
    2565.642,    1.635e-06,    1.737e-06
    2567.759,    9.650e-07,   -3.864e-07
    2569.875,   -1.059e-06,    3.866e-07
    2571.992,    1.427e-06,    2.520e-06
    2574.109,    3.414e-06,    2.822e-06
    2576.226,   -9.420e-07,    2.202e-06
    2578.343,   -4.349e-06,    2.788e-06
    2580.460,   -4.438e-06,    2.669e-06
    2582.577,   -3.162e-06,    5.385e-07
    2584.693,   -9.191e-07,   -2.072e-06
    2586.810,    1.311e-07,   -2.299e-06
    2588.927,   -3.117e-06,    2.234e-07
    2591.044,   -3.704e-06,    1.454e-06
    2593.161,    1.409e-07,    1.828e-06
    2595.278,    1.018e-06,    2.115e-06
    2597.395,    7.662e-07,    1.390e-06
    2599.512,   -1.087e-06,    1.143e-06
    2601.628,   -3.590e-06,    1.349e-06
    2603.745,    4.227e-07,    1.221e-06
    2605.862,    5.900e-06,    1.597e-06
    2607.979,    5.016e-06,    1.828e-06
    2610.096,    2.435e-06,    5.628e-07
    2612.213,    2.836e-07,   -9.819e-07
    2614.330,   -1.462e-06,    1.782e-06
    2616.446,   -1.651e-06,    6.935e-06
    2618.563,   -1.600e-06,    2.701e-06
    2620.680,    1.838e-07,   -6.671e-06
    2622.797,    2.007e-06,   -8.237e-06
    2624.914,    4.112e-07,   -4.334e-06
    2627.031,   -3.910e-07,   -4.880e-07
    2629.148,    1.807e-06,    1.243e-06
    2631.265,    3.095e-06,    1.916e-07
    2633.381,    2.076e-06,   -7.778e-07
    2635.498,   -5.712e-07,   -1.300e-06
    2637.615,   -2.802e-06,   -1.418e-06
    2639.732,   -2.265e-06,    9.787e-07
    2641.849,   -7.417e-08,    3.382e-06
    2643.966,   -6.287e-07,    2.741e-06
    2646.083,   -3.212e-06,    5.960e-08
    2648.199,   -3.895e-06,   -1.636e-06
    2650.316,   -3.180e-06,   -2.243e-06
    2652.433,   -2.042e-06,   -2.984e-06
    2654.550,   -3.200e-07,   -1.836e-07
    2656.667,    1.224e-06,    3.376e-06
    2658.784,    2.071e-06,    1.560e-06
    2660.901,    1.327e-06,    1.730e-08
    2663.018,    1.362e-06,    1.428e-06
    2665.134,    3.832e-06,    2.541e-06
    2667.251,    3.673e-06,    3.575e-06
    2669.368,    2.205e-06,    2.515e-06
    2671.485,    1.229e-06,   -1.445e-06
    2673.602,    4.182e-07,   -3.486e-06
    2675.719,    4.882e-07,   -3.017e-06
    2677.836,   -1.611e-06,   -8.733e-07
    2679.952,   -9.505e-07,    2.246e-06
    2682.069,    3.411e-06,    8.209e-09
    2684.186,    4.194e-06,   -4.067e-06
    2686.303,    2.464e-06,   -3.350e-06
    2688.420,   -1.364e-07,   -5.697e-07
    2690.537,   -1.695e-06,    1.511e-06
    2692.654,   -5.592e-07,    2.231e-06
    2694.771,   -4.358e-07,   -2.377e-07
    2696.887,    3.297e-07,   -5.694e-06
    2699.004,    1.599e-06,   -7.098e-06
    2701.121,   -1.985e-07,   -3.407e-06
    2703.238,   -2.029e-07,   -4.760e-07
    2705.355,    2.426e-06,    1.927e-06
    2707.472,    3.104e-06,    3.571e-06
    2709.589,    1.336e-06,    2.447e-06
    2711.705,   -1.293e-08,   -1.254e-06
    2713.822,    3.373e-07,   -3.411e-06
    2715.939,    4.364e-07,   -2.176e-08
    2718.056,   -4.424e-07,    5.583e-07
    2720.173,   -2.063e-06,   -1.615e-06
    2722.290,   -2.365e-06,    6.529e-07
    2724.407,   -7.253e-07,    2.226e-06
    2726.523,   -1.053e-06,    1.431e-06
    2728.640,   -3.772e-06,    1.363e-06
    2730.757,   -3.421e-06,    2.440e-06
    2732.874,   -6.785e-07,    3.429e-06
    2734.991,   -4.564e-07,    4.310e-06
    2737.108,   -2.605e-06,    2.550e-06
    2739.225,   -3.316e-06,   -8.352e-07
    2741.342,   -1.184e-06,    6.777e-07
    2743.458,    4.796e-07,    2.137e-06
    2745.575,   -2.805e-07,   -1.088e-06
    2747.692,   -2.031e-06,   -4.053e-06
    2749.809,   -2.367e-06,   -4.193e-06
    2751.926,   -2.575e-06,   -3.323e-06
    2754.043,   -2.829e-06,   -3.775e-06
    2756.160,   -4.485e-07,   -4.175e-06
    2758.276,    1.966e-06,   -3.387e-06
    2760.393,    7.272e-07,   -1.515e-06
    2762.510,   -2.332e-07,    1.315e-06
    2764.627,    8.511e-07,    3.297e-06
    2766.744,    9.949e-07,    2.265e-06
    2768.861,    2.834e-07,   -1.680e-06
    2770.978,   -3.752e-07,   -2.813e-06
    2773.095,    8.514e-07,   -6.834e-07
    2775.211,    9.739e-07,    8.530e-07
    2777.328,   -4.839e-07,    1.210e-06
    2779.445,   -4.676e-07,    6.392e-07
    2781.562,   -3.091e-07,   -1.077e-06
    2783.679,   -3.585e-07,   -2.217e-06
    2785.796,   -1.140e-06,    5.198e-07
    2787.913,   -1.760e-07,    3.789e-06
    2790.029,    1.567e-06,    2.629e-06
    2792.146,   -1.328e-07,    9.859e-08
    2794.263,   -2.645e-06,    3.775e-07
    2796.380,   -4.222e-06,   -2.776e-07
    2798.497,   -2.028e-06,   -2.116e-06
    2800.614,    2.013e-06,   -2.481e-06
    2802.731,   -5.433e-08,   -2.249e-06
    2804.848,   -2.936e-06,   -1.425e-06
    2806.964,   -3.164e-07,    1.452e-07
    2809.081,    1.489e-06,    1.157e-06
    2811.198,    1.309e-06,    7.476e-07
    2813.315,    5.233e-07,   -1.699e-07
    2815.432,   -2.045e-06,   -2.710e-07
    2817.549,   -2.565e-06,   -2.784e-08
    2819.666,    4.338e-07,   -2.914e-07
    2821.782,    3.347e-06,   -1.341e-07
    2823.899,    2.944e-06,   -4.742e-07
    2826.016,    9.771e-07,   -8.538e-07
    2828.133,    3.699e-07,   -4.319e-07
    2830.250,    5.945e-07,    8.446e-07
    2832.367,    4.629e-07,    2.251e-06
    2834.484,    2.735e-07,    2.546e-06
    2836.601,   -9.839e-08,    3.058e-06
    2838.717,   -6.377e-08,    2.430e-06
    2840.834,    5.047e-07,    5.705e-07
    2842.951,    3.777e-07,    5.003e-07
    2845.068,   -9.937e-07,    8.728e-07
    2847.185,   -7.299e-07,    1.169e-06
    2849.302,    1.411e-06,    2.266e-06
    2851.419,   -4.245e-07,    2.572e-06
    2853.535,   -3.270e-06,    7.989e-07
    2855.652,   -2.554e-06,   -2.441e-06
    2857.769,   -3.006e-07,   -2.788e-06
    2859.886,    9.504e-07,    2.599e-08
    2862.003,    5.470e-07,    1.636e-07
    2864.120,   -4.757e-07,   -9.232e-07
    2866.237,   -2.245e-06,    1.390e-06
    2868.354,   -1.624e-06,    2.102e-06
    2870.470,    1.615e-06,   -2.590e-07
    2872.587,    3.086e-06,    3.196e-09
    2874.704,    2.061e-06,    7.421e-07
    2876.821,    1.176e-07,    7.296e-07
    2878.938,   -8.862e-07,    1.096e-06
    2881.055,    3.705e-07,    4.098e-07
    2883.172,    1.391e-06,   -3.934e-07
    2885.288,    2.587e-07,   -8.158e-07
    2887.405,    3.440e-07,   -1.039e-06
    2889.522,    1.522e-06,   -8.021e-07
    2891.639,    1.152e-06,    8.253e-07
    2893.756,    1.146e-06,    2.914e-06
    2895.873,    2.794e-06,    1.726e-06
    2897.990,    2.243e-06,   -2.075e-06
    2900.107,    7.697e-08,   -4.001e-06
    2902.223,   -3.276e-07,   -3.103e-06
    2904.340,   -2.520e-07,    5.785e-07
    2906.457,   -2.048e-07,    4.576e-06
    2908.574,    5.249e-07,    3.523e-06
    2910.691,    5.746e-07,   -3.836e-07
    2912.808,   -5.049e-07,   -1.401e-06
    2914.925,   -1.270e-06,    6.924e-08
    2917.041,   -1.616e-06,    8.700e-07
    2919.158,   -1.675e-06,   -2.564e-07
    2921.275,   -1.975e-06,   -1.984e-06
    2923.392,   -1.975e-06,   -2.965e-06
    2925.509,   -1.782e-06,   -3.407e-06
    2927.626,   -1.409e-06,   -3.324e-06
    2929.743,   -6.172e-07,   -3.115e-06
    2931.859,   -7.973e-07,   -2.789e-06
    2933.976,   -2.758e-07,   -1.164e-06
    2936.093,    7.708e-07,    5.458e-07
    2938.210,   -1.835e-07,    1.421e-06
    2940.327,   -4.677e-07,    1.475e-06
    2942.444,    7.351e-07,    3.604e-08
    2944.561,    2.764e-07,   -1.550e-06
    2946.678,   -1.441e-06,   -2.467e-06
    2948.794,   -1.962e-06,   -1.869e-06
    2950.911,   -3.748e-07,   -1.031e-07
    2953.028,    1.321e-06,    1.956e-06
    2955.145,    3.554e-07,    3.352e-06
    2957.262,   -1.760e-06,    2.050e-06
    2959.379,   -1.833e-06,    1.294e-06
    2961.496,   -1.104e-07,    1.734e-06
    2963.612,    1.061e-06,   -7.396e-08
    2965.729,    2.432e-07,   -1.518e-06
    2967.846,   -1.266e-06,   -1.339e-06
    2969.963,   -1.766e-06,   -1.774e-06
    2972.080,   -1.180e-06,   -2.384e-06
    2974.197,   -7.156e-07,   -2.435e-06
    2976.314,   -3.614e-07,   -1.004e-06
    2978.431,   -2.494e-07,    8.474e-07
    2980.547,   -3.580e-07,    1.384e-06
    2982.664,    7.680e-07,    9.164e-07
    2984.781,    3.346e-07,    5.938e-08
    2986.898,   -1.340e-06,   -6.815e-07
    2989.015,   -1.296e-06,   -2.007e-06
    2991.132,   -1.643e-06,   -2.008e-06
    2993.249,   -1.017e-06,    1.157e-06
    2995.365,    1.929e-06,    1.380e-06
    2997.482,    2.482e-06,   -2.810e-06
    2999.599,    1.559e-06,   -3.441e-06
    3001.716,    1.063e-06,   -1.178e-06
    3003.833,   -7.657e-07,    2.782e-08
    3005.950,   -1.180e-06,    3.545e-07
    3008.067,   -7.664e-08,   -8.032e-08
    3010.184,    2.487e-07,    3.564e-07
    3012.300,   -8.634e-07,    5.123e-07
    3014.417,   -1.255e-06,   -1.813e-06
    3016.534,   -5.088e-07,   -2.248e-06
    3018.651,   -9.219e-07,    1.396e-06
    3020.768,   -1.054e-06,    2.360e-06
    3022.885,    2.369e-07,   -3.629e-07
    3025.002,    1.728e-06,   -4.584e-07
    3027.118,    3.312e-07,    1.388e-06
    3029.235,   -4.885e-07,    2.052e-06
    3031.352,    1.626e-06,    1.819e-06
    3033.469,    2.166e-06,    1.547e-07
    3035.586,    1.535e-06,   -5.094e-09
    3037.703,    8.730e-07,    8.243e-07
    3039.820,    5.659e-07,   -9.990e-07
    3041.937,    3.566e-07,   -2.211e-06
    3044.053,   -9.506e-07,   -1.121e-06
    3046.170,   -2.533e-06,    6.365e-07
    3048.287,   -2.049e-06,    1.562e-06
    3050.404,   -1.876e-07,    2.469e-06
    3052.521,    3.019e-07,    2.641e-06
    3054.638,   -7.766e-09,   -1.673e-07
    3056.755,   -4.944e-07,   -2.037e-06
    3058.871,   -7.477e-08,   -9.459e-07
    3060.988,   -3.770e-07,    1.944e-07
    3063.105,   -2.321e-06,   -3.160e-07
    3065.222,   -1.227e-06,   -2.053e-08
    3067.339,    8.530e-07,    1.062e-06
    3069.456,   -4.478e-07,    2.467e-07
    3071.573,   -1.893e-06,    9.118e-07
    3073.690,   -1.367e-06,    5.319e-07
    3075.806,   -4.458e-08,   -2.305e-06
    3077.923,    1.652e-06,   -1.635e-06
    3080.040,    1.843e-06,   -1.864e-07
    3082.157,    1.005e-06,   -2.778e-07
    3084.274,    4.351e-07,   -1.022e-06
    3086.391,    7.500e-08,   -1.960e-06
    3088.508,   -5.689e-07,   -1.188e-06
    3090.624,   -1.105e-06,   -2.469e-07
    3092.741,   -3.657e-07,    4.187e-07
    3094.858,   -5.699e-07,    1.481e-06
    3096.975,   -1.380e-07,    1.312e-06
    3099.092,    9.985e-07,   -5.798e-08
    3101.209,    1.147e-06,   -2.239e-06
    3103.326,    1.237e-06,   -2.999e-06
    3105.443,   -9.241e-07,   -2.164e-06
    3107.559,   -2.704e-06,   -2.245e-06
    3109.676,   -1.557e-06,   -1.928e-06
    3111.793,   -5.364e-07,   -1.437e-06
    3113.910,   -6.328e-07,   -8.755e-07
    3116.027,   -4.112e-07,   -5.939e-07
    3118.144,    9.660e-07,   -2.523e-06
    3120.261,    1.387e-06,   -3.000e-06
    3122.377,    4.416e-08,   -1.251e-06
    3124.494,   -8.214e-07,   -5.884e-08
    3126.611,    6.757e-08,    2.010e-06
    3128.728,    4.572e-07,    1.630e-06
    3130.845,   -1.156e-06,   -1.530e-06
    3132.962,   -1.890e-06,   -1.938e-06
    3135.079,   -3.326e-07,   -7.261e-07
    3137.196,    7.512e-07,    3.211e-07
    3139.312,    5.370e-07,    1.864e-06
    3141.429,    2.188e-07,    8.940e-07
    3143.546,   -1.080e-06,   -1.908e-06
    3145.663,   -1.778e-06,   -9.240e-07
    3147.780,   -1.248e-06,    1.500e-06
    3149.897,   -1.905e-06,    7.746e-07
    3152.014,   -1.847e-06,   -1.370e-07
    3154.130,   -1.554e-07,    1.336e-06
    3156.247,    8.882e-07,    1.045e-06
    3158.364,    2.215e-06,   -1.049e-06
    3160.481,    2.116e-06,   -1.192e-06
    3162.598,   -4.281e-07,   -1.096e-07
    3164.715,    1.318e-09,    7.527e-07
    3166.832,    2.049e-06,    1.089e-06
    3168.948,    4.618e-07,    3.488e-07
    3171.065,   -1.671e-06,   -9.902e-07
    3173.182,   -8.991e-07,   -1.107e-06
    3175.299,    5.630e-07,   -6.283e-07
    3177.416,   -1.491e-07,   -4.926e-07
    3179.533,   -7.630e-07,    4.988e-07
    3181.650,    2.715e-07,    1.180e-06
    3183.767,   -1.392e-08,   -6.028e-07
    3185.883,    1.417e-06,   -1.970e-06
    3188.000,    3.723e-06,   -1.815e-06
    3190.117,    2.287e-06,   -1.655e-06
    3192.234,    9.124e-07,   -6.564e-07
    3194.351,   -4.229e-07,    1.495e-07
    3196.468,   -1.998e-06,   -1.274e-06
    3198.585,   -1.348e-06,   -2.632e-06
    3200.701,   -1.590e-06,   -1.422e-06
    3202.818,   -1.624e-06,   -3.623e-07
    3204.935,   -3.410e-07,   -9.586e-07
    3207.052,   -4.654e-07,   -1.039e-06
    3209.169,   -1.127e-07,   -9.175e-07
    3211.286,    1.403e-06,   -1.544e-06
    3213.403,    1.561e-06,   -1.432e-06
    3215.520,   -2.539e-07,    1.921e-07
    3217.636,   -1.611e-06,    1.451e-06
    3219.753,   -9.225e-07,    5.138e-07
    3221.870,    7.021e-07,   -4.527e-07
    3223.987,    1.189e-06,   -4.326e-07
    3226.104,   -2.503e-07,    5.843e-07
    3228.221,   -2.175e-06,    1.927e-06
    3230.338,   -2.520e-06,    1.610e-06
    3232.454,   -1.572e-06,    4.547e-07
    3234.571,   -8.600e-07,   -1.074e-07
    3236.688,   -5.425e-07,   -6.467e-07
    3238.805,   -1.404e-07,   -1.451e-06
    3240.922,    2.714e-07,   -7.372e-07
    3243.039,    3.360e-07,    3.082e-07
    3245.156,    1.417e-06,   -4.041e-08
    3247.273,    1.395e-06,    2.513e-07
    3249.389,   -7.139e-07,    1.430e-06
    3251.506,   -6.072e-07,    1.373e-06
    3253.623,    4.523e-07,   -4.845e-08
    3255.740,   -3.699e-07,   -7.790e-07
    3257.857,   -8.803e-07,   -5.504e-07
    3259.974,   -3.752e-07,   -7.254e-07
    3262.091,   -5.343e-07,   -9.897e-07
    3264.207,   -1.449e-06,   -1.002e-06
    3266.324,   -1.698e-06,   -7.790e-07
    3268.441,   -1.353e-06,    5.290e-08
    3270.558,   -2.292e-06,    3.378e-07
    3272.675,   -3.158e-06,   -2.067e-07
    3274.792,   -1.665e-06,   -3.777e-07
    3276.909,   -1.455e-07,   -1.454e-06
    3279.026,   -2.858e-07,   -1.389e-06
    3281.142,   -5.316e-08,    5.885e-07
    3283.259,    1.275e-06,    7.561e-07
    3285.376,    8.319e-07,    7.303e-07
    3287.493,   -1.176e-06,    3.861e-07
    3289.610,   -7.331e-07,   -1.188e-06
    3291.727,    8.978e-07,   -7.606e-07
    3293.844,    6.663e-07,   -2.330e-07
    3295.960,    8.641e-09,   -5.394e-07
    3298.077,    4.355e-07,    3.166e-07
    3300.194,    6.837e-07,    1.613e-07
    3302.311,    5.186e-07,   -6.854e-07
    3304.428,    4.221e-07,   -1.081e-06
    3306.545,   -1.169e-08,   -1.017e-06
    3308.662,    7.144e-08,    3.108e-07
    3310.779,    6.240e-07,    9.361e-07
    3312.895,    3.216e-07,   -4.382e-07
    3315.012,   -3.620e-07,   -7.802e-07
    3317.129,   -8.798e-07,    1.222e-06
    3319.246,   -1.248e-06,    2.547e-06
    3321.363,   -9.374e-07,    3.046e-06
    3323.480,   -8.347e-07,    2.800e-06
    3325.597,   -7.248e-07,    1.014e-06
    3327.713,    4.230e-07,    6.119e-08
    3329.830,    8.186e-07,   -5.782e-08
    3331.947,    3.503e-07,   -7.803e-07
    3334.064,    4.147e-07,   -1.515e-06
    3336.181,    2.663e-07,   -1.514e-06
    3338.298,   -5.439e-07,   -1.255e-06
    3340.415,   -8.687e-07,   -4.032e-07
    3342.532,   -1.089e-07,    1.154e-06
    3344.648,    2.425e-07,    5.018e-07
    3346.765,   -4.480e-07,   -1.164e-06
    3348.882,   -5.486e-07,   -6.272e-07
    3350.999,   -2.276e-07,    9.516e-07
    3353.116,   -4.829e-07,    2.295e-06
    3355.233,    5.023e-07,    2.214e-06
    3357.350,    1.805e-06,    1.490e-06
    3359.466,    1.636e-06,    1.847e-06
    3361.583,    1.362e-06,    1.046e-06
    3363.700,    9.705e-07,   -1.114e-06
    3365.817,    5.114e-07,   -1.543e-06
    3367.934,    6.809e-08,   -5.954e-07
    3370.051,    3.383e-07,    8.017e-07
    3372.168,    2.508e-07,    2.538e-06
    3374.285,   -2.386e-06,    2.761e-06
    3376.401,   -1.994e-06,    1.177e-06
    3378.518,    1.945e-06,   -4.576e-07
    3380.635,    2.145e-06,   -1.074e-06
    3382.752,    3.125e-08,   -1.980e-07
    3384.869,   -8.774e-07,    5.485e-07
    3386.986,   -1.587e-06,    4.560e-07
    3389.103,   -2.240e-06,    1.057e-06
    3391.219,   -1.546e-06,    1.185e-06
    3393.336,   -9.560e-08,    1.311e-06
    3395.453,    2.238e-07,    1.469e-06
    3397.570,   -2.734e-07,    1.187e-06
    3399.687,   -8.951e-07,    1.347e-06
    3401.804,   -8.611e-07,    9.710e-07
    3403.921,    7.016e-07,    3.251e-07
    3406.037,    1.841e-06,   -1.515e-07
    3408.154,    1.655e-06,   -1.872e-07
    3410.271,    1.234e-06,   -3.296e-07
    3412.388,   -2.451e-08,   -1.547e-06
    3414.505,   -1.630e-06,   -2.966e-06
    3416.622,   -1.549e-06,   -3.611e-06
    3418.739,   -7.496e-07,   -3.199e-06
    3420.856,   -7.966e-07,   -2.989e-06
    3422.972,   -6.786e-07,   -2.913e-06
    3425.089,    6.150e-07,   -9.443e-07
    3427.206,    2.101e-06,    2.461e-07
    3429.323,    2.378e-06,   -1.010e-06
    3431.440,    1.523e-06,   -1.018e-06
    3433.557,   -1.022e-08,   -2.474e-07
    3435.674,   -6.006e-07,   -5.803e-08
    3437.790,   -3.632e-07,   -2.536e-07
    3439.907,    2.754e-07,   -5.274e-07
    3442.024,    5.821e-07,    1.020e-06
    3444.141,   -2.758e-07,    1.928e-06
    3446.258,    5.995e-07,    1.142e-07
    3448.375,    1.683e-06,   -1.124e-06
    3450.492,    1.228e-06,   -6.405e-07
    3452.609,    3.183e-07,   -3.314e-07
    3454.725,   -1.210e-06,   -1.158e-06
    3456.842,   -1.126e-06,   -2.141e-06
    3458.959,    1.080e-07,   -1.374e-06
    3461.076,   -8.951e-07,    4.560e-07
    3463.193,   -2.933e-06,    2.034e-07
    3465.310,   -2.554e-06,   -1.018e-06
    3467.427,   -3.116e-07,   -3.691e-07
    3469.543,    9.859e-07,   -1.433e-06
    3471.660,    2.219e-07,   -3.449e-06
    3473.777,    2.236e-07,   -2.891e-06
    3475.894,    1.438e-06,   -1.940e-06
    3478.011,    2.276e-07,   -7.273e-07
    3480.128,   -1.976e-06,    8.677e-07
    3482.245,   -1.490e-06,    1.564e-06
    3484.362,    4.888e-07,    2.017e-06
    3486.478,    2.633e-07,    2.442e-06
    3488.595,   -1.070e-06,    9.520e-07
    3490.712,   -9.693e-07,   -6.717e-07
    3492.829,   -4.394e-07,   -5.437e-07
    3494.946,   -2.124e-07,   -1.090e-06
    3497.063,   -7.729e-07,   -9.102e-07
    3499.180,   -9.211e-07,    1.661e-06
    3501.296,   -4.799e-07,    3.582e-06
    3503.413,   -9.339e-07,    3.788e-06
    3505.530,   -1.042e-06,    2.718e-06
    3507.647,   -1.303e-07,    1.056e-06
    3509.764,    1.684e-07,   -3.892e-07
    3511.881,   -8.693e-08,   -9.183e-07
    3513.998,    5.960e-07,    2.987e-07
    3516.115,   -1.930e-07,    4.636e-07
    3518.231,   -1.623e-06,   -5.449e-08
    3520.348,   -8.324e-07,    9.408e-07
    3522.465,    4.591e-08,    1.508e-06
    3524.582,    1.612e-07,    1.583e-06
    3526.699,   -1.968e-08,    1.229e-06
    3528.816,   -1.210e-07,    1.350e-07
    3530.933,   -9.505e-08,   -2.127e-07
    3533.049,   -5.900e-07,    5.010e-08
    3535.166,   -3.872e-07,    4.833e-07
    3537.283,    2.489e-08,    7.287e-07
    3539.400,    2.077e-07,    6.348e-07
    3541.517,    1.387e-06,    8.542e-07
    3543.634,    1.979e-06,    1.110e-06
    3545.751,    1.025e-06,    1.106e-06
    3547.868,    5.080e-07,    9.016e-07
    3549.984,    7.286e-07,    1.015e-07
    3552.101,    7.907e-07,   -1.219e-06
    3554.218,    1.275e-06,   -1.339e-06
    3556.335,    1.693e-06,   -8.549e-07
    3558.452,    1.104e-06,   -5.809e-07
    3560.569,   -3.127e-07,   -2.465e-07
    3562.686,   -6.856e-07,   -1.416e-06
    3564.802,    7.961e-08,   -1.895e-06
    3566.919,    7.989e-07,   -6.551e-07
    3569.036,    1.452e-06,   -5.876e-07
    3571.153,    1.568e-06,   -1.200e-06
    3573.270,    1.209e-06,   -1.665e-06
    3575.387,    6.537e-07,   -1.808e-06
    3577.504,    5.471e-07,   -1.304e-06
    3579.621,    6.086e-07,   -3.250e-07
    3581.737,    5.054e-07,    4.453e-07
    3583.854,    6.100e-07,    1.810e-07
    3585.971,    1.230e-06,   -2.840e-07
    3588.088,    1.919e-06,    1.318e-07
    3590.205,    1.309e-06,    6.097e-07
    3592.322,    3.085e-07,    3.363e-07
    3594.439,   -1.437e-07,    7.675e-07
    3596.555,   -3.643e-07,    1.010e-06
    3598.672,   -2.727e-07,   -2.351e-07
    3600.789,   -7.729e-07,   -1.132e-06
    3602.906,   -1.393e-06,   -5.161e-07
    3605.023,   -7.959e-07,    2.439e-07
    3607.140,   -4.031e-07,   -3.390e-07
    3609.257,   -4.465e-07,   -5.763e-07
    3611.374,    1.843e-07,    3.048e-07
    3613.490,    4.805e-07,    5.535e-07
    3615.607,    4.812e-07,    1.964e-07
    3617.724,    5.689e-07,   -2.132e-08
    3619.841,   -5.937e-07,    1.234e-07
    3621.958,   -1.890e-06,    4.576e-07
    3624.075,   -8.498e-07,    2.426e-08
    3626.192,    6.488e-07,   -4.173e-07
    3628.308,    9.790e-07,   -4.215e-07
    3630.425,    9.109e-07,   -5.997e-07
    3632.542,    7.750e-07,   -5.652e-07
    3634.659,    1.195e-06,   -8.411e-07
    3636.776,    9.725e-07,   -1.437e-06
    3638.893,    4.041e-07,   -9.120e-07
    3641.010,    7.909e-07,    5.412e-07
    3643.126,    6.841e-07,    3.690e-07
    3645.243,    1.815e-07,   -9.070e-07
    3647.360,    3.553e-07,   -1.084e-06
    3649.477,   -4.863e-08,   -1.375e-06
    3651.594,   -7.437e-07,   -1.291e-06
    3653.711,   -5.864e-07,    3.319e-07
    3655.828,   -4.572e-07,    9.676e-07
    3657.945,    4.281e-07,    3.780e-07
    3660.061,    1.806e-06,    6.819e-07
    3662.178,    2.460e-06,    1.055e-06
    3664.295,    2.298e-06,    1.144e-06
    3666.412,    1.255e-06,    6.887e-07
    3668.529,    1.039e-06,   -4.823e-07
    3670.646,    1.188e-06,   -7.743e-07
    3672.763,   -5.558e-09,   -9.795e-07
    3674.879,   -1.112e-06,   -1.608e-06
    3676.996,   -1.372e-06,   -1.462e-06
    3679.113,   -9.733e-07,   -4.993e-07
    3681.230,    3.726e-07,   -1.645e-08
    3683.347,    1.080e-06,    2.340e-07
    3685.464,    8.285e-07,    8.831e-07
    3687.581,    1.347e-06,    1.110e-06
    3689.698,    1.179e-06,    6.719e-07
    3691.814,    3.502e-08,   -4.092e-07
    3693.931,   -9.721e-09,   -1.132e-06
    3696.048,    4.991e-07,   -9.285e-07
    3698.165,    1.414e-06,   -4.650e-07
    3700.282,    2.358e-06,   -6.052e-07
    3702.399,    2.698e-06,   -7.865e-07
    3704.516,    2.277e-06,   -7.541e-08
    3706.632,    1.312e-06,   -7.287e-08
    3708.749,    8.178e-07,   -1.194e-06
    3710.866,    4.387e-07,   -1.387e-06
    3712.983,    3.112e-07,   -6.303e-07
    3715.100,    7.984e-07,    3.141e-07
    3717.217,    1.214e-06,    1.085e-06
    3719.334,    6.322e-07,    1.113e-06
    3721.451,    1.696e-07,    5.467e-07
    3723.567,    5.934e-07,    1.567e-07
    3725.684,   -3.659e-07,    4.182e-07
    3727.801,   -1.467e-06,    1.120e-07
    3729.918,   -1.313e-06,   -9.545e-07
    3732.035,   -1.135e-06,   -1.342e-06
    3734.152,   -3.387e-07,   -8.746e-07
    3736.269,    3.659e-07,   -4.451e-07
    3738.385,    1.061e-08,   -2.019e-07
    3740.502,   -1.051e-06,    2.759e-07
    3742.619,   -1.634e-06,    4.893e-07
    3744.736,   -1.445e-06,   -1.743e-07
    3746.853,   -1.934e-06,   -5.139e-07
    3748.970,   -1.304e-06,   -6.254e-08
    3751.087,    4.612e-07,   -2.577e-07
    3753.204,    4.517e-07,   -5.884e-07
    3755.320,    9.461e-07,   -3.490e-07
    3757.437,    1.671e-06,   -7.294e-08
    3759.554,    2.134e-07,    6.009e-07
    3761.671,   -3.822e-07,    3.251e-07
    3763.788,    4.025e-07,   -8.079e-07
    3765.905,    4.957e-07,   -6.650e-07
    3768.022,    3.718e-08,    1.074e-07
    3770.138,   -3.712e-07,    9.005e-07
    3772.255,   -4.353e-07,    1.391e-06
    3774.372,    3.034e-07,    9.133e-07
    3776.489,    1.038e-06,    2.408e-09
    3778.606,    3.696e-07,    2.314e-07
    3780.723,   -5.489e-07,    5.778e-07
    3782.840,   -6.431e-07,   -3.624e-07
    3784.957,   -3.490e-07,   -4.984e-07
    3787.073,   -4.147e-07,    3.636e-07
    3789.190,   -6.123e-07,    4.851e-07
    3791.307,   -3.517e-07,    6.334e-07
    3793.424,    2.471e-07,    1.140e-06
    3795.541,    8.321e-07,    6.403e-07
    3797.658,   -1.739e-07,    2.222e-08
    3799.775,   -1.412e-06,   -5.017e-08
    3801.891,   -8.891e-07,    1.255e-08
    3804.008,   -1.684e-07,    4.396e-07
    3806.125,    3.209e-07,   -1.336e-07
    3808.242,    5.666e-07,   -1.255e-06
    3810.359,    7.429e-08,   -8.344e-08
    3812.476,    3.580e-08,    1.145e-06
    3814.593,    6.295e-07,    1.766e-07
    3816.710,    1.443e-07,    8.115e-08
    3818.826,   -1.995e-07,    7.943e-07
    3820.943,    4.137e-07,    3.200e-07
    3823.060,    5.190e-07,   -6.201e-07
    3825.177,    4.299e-07,   -7.806e-07
    3827.294,    1.354e-07,    8.894e-08
    3829.411,    1.701e-07,    3.409e-07
    3831.528,    3.105e-07,    7.400e-07
    3833.644,   -4.973e-07,    1.793e-06
    3835.761,   -1.293e-06,    8.773e-07
    3837.878,   -1.481e-06,   -6.801e-07
    3839.995,   -1.184e-06,   -3.890e-07
    3842.112,   -8.629e-08,    1.165e-07
    3844.229,    8.571e-07,   -4.185e-07
    3846.346,    1.173e-07,   -6.151e-07
    3848.463,   -7.457e-07,   -1.425e-07
    3850.579,    2.598e-07,   -2.393e-07
    3852.696,    1.174e-06,   -4.571e-07
    3854.813,    1.034e-06,   -3.875e-07
    3856.930,    1.056e-06,   -7.777e-07
    3859.047,    4.930e-07,   -3.783e-07
    3861.164,   -4.167e-07,    3.311e-07
    3863.281,   -1.060e-06,   -6.201e-09
    3865.397,   -1.704e-06,   -1.846e-07
    3867.514,   -1.361e-06,   -1.836e-08
    3869.631,   -3.320e-08,    1.404e-07
    3871.748,    1.996e-08,    2.142e-07
    3873.865,   -7.135e-07,   -5.501e-08
    3875.982,   -2.921e-07,   -2.478e-07
    3878.099,    3.312e-07,   -1.079e-07
    3880.215,    7.727e-07,   -3.985e-07
    3882.332,    1.512e-06,   -9.312e-07
    3884.449,    1.400e-06,   -7.032e-07
    3886.566,    4.180e-07,   -2.467e-07
    3888.683,    2.378e-07,    1.793e-07
    3890.800,   -1.674e-07,    1.282e-06
    3892.917,   -1.249e-06,    2.315e-06
    3895.034,   -7.765e-07,    1.591e-06
    3897.150,    3.033e-07,    1.198e-07
    3899.267,    3.941e-07,   -2.255e-07
    3901.384,    5.524e-07,   -5.841e-07
    3903.501,    6.358e-07,   -1.105e-06
    3905.618,    7.564e-07,   -8.658e-07
    3907.735,    6.996e-07,   -1.068e-06
    3909.852,   -1.113e-07,   -1.299e-06
    3911.968,   -6.972e-07,   -6.693e-07
    3914.085,   -9.061e-07,   -2.817e-07
    3916.202,   -7.828e-07,   -1.113e-08
    3918.319,   -8.024e-07,    6.932e-07
    3920.436,   -9.154e-07,   -2.192e-08
    3922.553,   -2.106e-07,   -1.714e-06
    3924.670,    8.188e-07,   -1.497e-06
    3926.787,    1.124e-06,   -4.931e-07
    3928.903,    6.885e-07,   -1.248e-07
    3931.020,    2.066e-07,   -1.386e-07
    3933.137,   -5.513e-08,   -4.494e-07
    3935.254,   -5.148e-07,   -4.467e-07
    3937.371,   -4.057e-07,   -1.517e-07
    3939.488,    5.232e-07,   -8.599e-08
    3941.605,    9.624e-07,   -3.754e-07
    3943.721,    6.335e-07,   -6.980e-07
    3945.838,    5.382e-07,   -6.613e-07
    3947.955,    1.229e-06,   -6.382e-07
    3950.072,    5.987e-07,   -5.220e-07
    3952.189,   -8.368e-07,   -1.520e-07
    3954.306,   -9.941e-07,   -1.621e-07
    3956.423,   -1.277e-06,    1.940e-07
    3958.540,   -1.392e-06,    7.407e-07
    3960.656,   -8.869e-07,    7.834e-07
    3962.773,   -1.122e-06,    6.380e-07
    3964.890,   -8.753e-07,    3.587e-07
    3967.007,    2.432e-07,   -3.357e-07
    3969.124,    1.299e-07,   -1.044e-06
    3971.241,   -3.656e-07,   -9.720e-07
    3973.358,    3.948e-08,   -4.630e-07
    3975.474,    6.133e-07,    5.184e-07
    3977.591,    8.062e-07,    1.066e-06
    3979.708,    1.589e-07,    7.555e-07
    3981.825,   -2.408e-07,    6.684e-07
    3983.942,    1.725e-08,    1.194e-07
    3986.059,   -2.664e-07,   -1.978e-07
    3988.176,   -1.226e-07,    5.153e-07
    3990.293,    3.119e-07,    1.193e-07
    3992.409,   -2.255e-07,   -4.693e-07
    3994.526,   -1.011e-06,   -4.459e-07
    3996.643,   -1.193e-06,   -7.687e-07
    3998.760,   -8.061e-07,   -5.408e-07
    4000.877,   -3.572e-07,   -1.493e-07
    4002.994,   -1.778e-07,    2.893e-07
    4005.111,   -3.723e-07,    1.114e-06
    4007.227,   -2.877e-07,    1.402e-06
    4009.344,    3.464e-07,    8.899e-07
    4011.461,    7.900e-07,    1.535e-07
    4013.578,    7.577e-07,   -5.260e-07
    4015.695,    5.940e-07,   -3.639e-07
    4017.812,    1.798e-07,   -1.355e-08
    4019.929,   -2.266e-07,   -4.894e-07
    4022.046,   -2.938e-07,   -5.257e-07
    4024.162,   -6.152e-08,   -7.656e-08
    4026.279,    1.391e-07,   -1.463e-07
    4028.396,   -2.022e-07,   -3.386e-07
    4030.513,   -7.156e-07,   -1.727e-07
    4032.630,   -9.157e-07,   -8.204e-08
    4034.747,   -6.122e-07,   -1.428e-07
    4036.864,   -5.023e-08,   -5.075e-07
    4038.980,    2.936e-07,   -7.270e-07
    4041.097,   -1.670e-07,   -1.966e-07
    4043.214,   -1.066e-06,   -2.606e-07
    4045.331,   -8.572e-07,   -4.380e-07
    4047.448,    4.026e-08,    8.584e-08
    4049.565,   -1.958e-08,    7.292e-07
    4051.682,   -6.442e-07,    1.603e-06
    4053.799,   -7.927e-07,    1.171e-06
    4055.915,   -3.201e-07,   -2.607e-07
    4058.032,    2.999e-07,   -1.877e-07
    4060.149,    5.966e-07,    2.815e-07
    4062.266,    9.004e-07,   -2.836e-07
    4064.383,    4.488e-07,   -6.381e-07
    4066.500,   -9.933e-07,   -3.992e-07
    4068.617,   -1.180e-06,    1.269e-07
    4070.733,    6.954e-08,    4.230e-07
    4072.850,    8.434e-07,    5.638e-07
    4074.967,    6.733e-07,    1.380e-06
    4077.084,    2.796e-07,    1.412e-06
    4079.201,   -1.835e-07,    4.585e-07
    4081.318,   -1.097e-06,    3.471e-08
    4083.435,   -1.653e-06,   -2.176e-07
    4085.552,   -1.327e-06,    1.661e-08
    4087.668,   -9.283e-07,    2.880e-07
    4089.785,   -6.433e-07,    6.002e-09
    4091.902,   -7.458e-07,    3.086e-08
    4094.019,   -8.871e-07,    7.214e-08
    4096.136,   -2.292e-07,    3.334e-08
    4098.253,   -2.024e-08,    1.128e-07
    4100.370,   -5.903e-07,    2.996e-07
    4102.486,   -7.547e-07,    1.115e-07
    4104.603,   -9.011e-07,   -6.701e-07
    4106.720,   -6.549e-07,   -8.674e-07
    4108.837,    9.302e-08,   -2.075e-07
    4110.954,   -5.348e-07,    1.404e-07
    4113.071,   -1.274e-06,   -1.044e-07
    4115.188,   -6.243e-07,   -2.391e-07
    4117.304,   -4.202e-07,   -3.648e-07
    4119.421,   -5.090e-07,   -4.966e-07
    4121.538,    6.799e-08,    1.744e-07
    4123.655,    4.611e-07,    8.649e-07
    4125.772,    1.541e-07,    4.413e-07
    4127.889,   -2.438e-07,    1.123e-07
    4130.006,   -2.792e-07,    3.523e-07
    4132.123,   -1.221e-07,    5.694e-07
    4134.239,    1.328e-07,    9.052e-07
    4136.356,    3.283e-07,    1.134e-06
    4138.473,    4.357e-07,    8.770e-07
    4140.590,    2.777e-07,    2.308e-08
    4142.707,   -1.764e-07,   -5.558e-07
    4144.824,   -5.265e-07,   -4.621e-07
    4146.941,   -5.337e-07,   -5.133e-07
    4149.057,   -5.888e-07,   -6.840e-07
    4151.174,   -6.044e-07,   -7.225e-07
    4153.291,   -1.961e-07,   -6.031e-07
    4155.408,   -1.771e-07,   -1.444e-07
    4157.525,   -3.935e-07,    1.790e-07
    4159.642,   -1.794e-07,    1.175e-07
    4161.759,    8.552e-08,   -4.140e-08
    4163.876,    3.166e-09,   -1.332e-07
    4165.992,   -2.615e-07,    1.887e-07
    4168.109,   -6.656e-08,    2.716e-07
    4170.226,    2.294e-07,   -2.527e-07
    4172.343,    1.913e-07,   -4.400e-07
    4174.460,    1.118e-07,   -2.767e-07
    4176.577,    3.622e-08,   -1.607e-07
    4178.694,    3.580e-10,   -4.179e-08
    4180.810,    1.333e-07,    1.459e-08
    4182.927,    1.894e-07,   -1.668e-07
    4185.044,    3.913e-08,   -5.950e-07
    4187.161,    1.827e-07,   -5.240e-07
    4189.278,    1.735e-07,    2.531e-07
    4191.395,   -1.169e-07,    5.088e-07
    4193.512,   -7.106e-08,   -5.800e-08
    4195.629,    9.220e-08,   -4.427e-07
    4197.745,    4.061e-07,   -3.639e-07
    4199.862,    5.441e-07,   -3.660e-07
    4201.979,    4.669e-07,   -4.751e-07
    4204.096,    4.765e-07,   -1.247e-07
    4206.213,    2.414e-07,    4.232e-07
    4208.330,    1.821e-07,    4.329e-07
    4210.447,    2.105e-07,    1.160e-07
    4212.563,    6.709e-08,    1.119e-07
    4214.680,    1.316e-07,    2.904e-07
    4216.797,   -7.092e-08,    1.079e-08
    4218.914,   -3.297e-07,   -2.686e-07
    4221.031,   -1.477e-07,    9.279e-08
    4223.148,    6.520e-08,    4.018e-07
    4225.265,    3.277e-07,    3.450e-07
    4227.382,    4.931e-07,    2.873e-07
    4229.498,    2.694e-07,    3.162e-07
    4231.615,   -4.368e-08,    2.270e-07
    4233.732,    2.805e-08,    1.716e-07
    4235.849,    4.155e-07,    3.104e-07
    4237.966,    5.476e-07,    4.789e-07
    4240.083,    3.206e-07,    5.048e-07
    4242.200,    3.021e-07,    2.647e-07
    4244.316,    5.049e-07,    2.332e-10
    4246.433,    2.868e-07,   -2.434e-07
    4248.550,   -2.405e-08,   -3.310e-07
    4250.667,    6.123e-08,   -1.232e-07
    4252.784,    1.075e-07,   -1.731e-08
    4254.901,    8.391e-08,   -1.919e-07
    4257.018,    2.415e-07,   -9.212e-08
    4259.135,    2.464e-07,    2.988e-07
    4261.251,    5.625e-08,    3.981e-07
    4263.368,   -5.909e-08,    2.089e-07
    4265.485,   -1.430e-07,   -1.102e-07
    4267.602,   -1.439e-07,   -3.369e-07
    4269.719,   -1.426e-08,   -2.283e-07
    4271.836,    1.159e-07,    5.525e-09
    4273.953,    3.961e-07,   -2.570e-08
    4276.069,    6.427e-07,   -6.559e-08
    4278.186,    4.925e-07,    8.897e-09
    4280.303,    1.681e-07,   -1.236e-07
    4282.420,    6.854e-08,   -1.626e-07
    4284.537,    2.521e-07,   -7.684e-08
    4286.654,    3.867e-07,   -7.535e-08
    4288.771,    3.421e-07,   -8.473e-08
    4290.888,    2.857e-07,   -2.501e-07
    4293.004,    1.343e-07,   -3.386e-07
    4295.121,   -6.666e-08,   -2.018e-07
    4297.238,   -1.522e-07,   -2.088e-07
    4299.355,   -2.199e-07,   -1.517e-07
    4301.472,   -2.052e-07,   -1.713e-07
    4303.589,    4.896e-08,   -3.135e-07
    4305.706,    2.689e-07,    6.568e-08
    4307.822,    6.548e-08,    2.745e-07
    4309.939,   -3.930e-08,    6.953e-09
    4312.056,   -1.363e-09,   -9.135e-08
    4314.173,   -1.989e-07,   -1.640e-07
    4316.290,   -2.086e-07,   -2.395e-07
    4318.407,   -7.946e-09,   -1.243e-07
    4320.524,    6.664e-08,    9.487e-08
    4322.641,   -6.608e-08,    2.531e-07
    4324.757,   -1.872e-07,    2.832e-07
    4326.874,   -1.240e-07,    1.501e-07
    4328.991,    4.662e-08,    2.960e-08
    4331.108,    8.869e-08,    3.589e-08
    4333.225,   -4.128e-08,   -6.602e-08
    4335.342,   -1.829e-08,   -1.543e-07
    4337.459,    7.283e-08,   -1.902e-08
    4339.575,    1.917e-08,    7.860e-08
    4341.692,   -6.858e-08,    6.550e-08
    4343.809,   -1.771e-07,    4.317e-08
    4345.926,   -1.965e-07,   -3.673e-08
    4348.043,   -1.307e-07,    3.665e-08
    4350.160,   -1.539e-07,    2.395e-07
    4352.277,   -5.805e-08,    2.690e-07
    4354.393,    7.567e-08,    1.902e-07
    4356.510,   -3.157e-08,    1.727e-07
    4358.627,   -1.144e-07,    1.925e-07
    4360.744,   -3.123e-08,    1.480e-07
    4362.861,    5.251e-09,    8.716e-08
    4364.978,   -2.943e-08,    7.731e-08
    4367.095,   -2.639e-08,    6.102e-08
    4369.212,    1.083e-08,    1.327e-08
    4371.328,    7.310e-08,   -9.452e-09
    4373.445,    9.181e-08,    2.639e-08
    4375.562,    4.737e-08,    7.356e-08
    4377.679,    1.089e-10,    1.035e-07
    4379.796,    7.555e-08,    2.107e-07
    4381.913,    1.750e-07,    2.483e-07
    4384.030,    9.256e-08,    8.024e-08
    4386.146,    1.639e-08,   -3.851e-08
    4388.263,    2.197e-08,   -3.881e-08
    4390.380,    5.361e-08,   -4.740e-09
    4392.497,    4.507e-08,    6.058e-08
    4394.614,    5.415e-09,    9.043e-08
    4396.731,    2.321e-08,    4.610e-08
    4398.848,    1.452e-09,   -2.497e-08
    4400.965,   -2.140e-08,   -1.148e-07
    4403.081,    3.287e-09,   -1.033e-07
    4405.198,    3.107e-08,   -1.252e-08
    4407.315,    3.743e-08,   -9.080e-08
    4409.432,   -3.068e-08,   -1.814e-07
    4411.549,   -5.464e-08,   -1.675e-07
    4413.666,    2.469e-08,   -1.477e-07
    4415.783,    5.849e-08,   -8.386e-08
    4417.899,    2.996e-08,   -1.358e-08
    4420.016,    2.659e-08,    3.665e-08
    4422.133,    6.375e-08,    3.252e-08
    4424.250,    5.729e-08,   -2.310e-08
    4426.367,   -2.004e-08,   -3.651e-08
    4428.484,   -3.193e-08,    3.454e-08
    4430.601,   -7.961e-09,    9.973e-08
    4432.718,   -4.265e-08,    7.515e-08
    4434.834,   -3.283e-08,    1.904e-08
    4436.951,    2.595e-08,   -2.966e-08
    4439.068,    3.650e-08,   -5.597e-08
    4441.185,    1.198e-08,   -3.390e-08
    4443.302,    3.697e-08,    1.128e-08
    4445.419,    5.581e-08,    3.323e-08
    4447.536,    1.081e-08,    2.469e-08
    4449.652,    1.625e-08,    1.387e-08
    4451.769,    4.700e-08,    1.927e-08
    4453.886,    1.180e-08,    3.448e-08
    4456.003,   -1.654e-08,    4.310e-08
    4458.120,   -1.440e-09,    4.080e-08
    4460.237,    4.382e-09,    4.121e-08
    4462.354,    5.141e-09,    2.855e-08
    4464.471,   -3.650e-09,    1.564e-08
    4466.587,   -6.940e-09,    1.979e-08
    4468.704,   -3.660e-09,    9.203e-09
    4470.821,   -3.020e-08,   -9.741e-09
    4472.938,   -3.236e-08,   -1.054e-09
    4475.055,    2.644e-09,    1.332e-08
    4477.172,    2.706e-08,    1.256e-08
    4479.289,    3.187e-08,    1.288e-08
    4481.405,    2.464e-08,    1.143e-08
    4483.522,    1.297e-08,    2.561e-08
    4485.639,   -5.675e-09,    3.164e-08
    4487.756,   -3.167e-08,    8.223e-09
    4489.873,   -2.839e-08,    7.730e-09
    4491.990,   -2.541e-09,    2.284e-08
    4494.107,    5.132e-09,    2.039e-08
    4496.224,   -6.100e-09,    2.330e-09
    4498.340,   -1.854e-08,   -1.334e-08
    4500.457,    2.198e-09,   -1.934e-08
    4502.574,    2.786e-08,   -3.035e-08
    4504.691,    1.497e-08,   -1.980e-08
    4506.808,    2.556e-09,   -3.477e-09
    4508.925,    1.908e-08,   -1.195e-08
    4511.042,    4.099e-08,   -2.193e-08
    4513.158,    5.150e-08,   -2.953e-08
    4515.275,    4.181e-08,   -1.264e-08
    4517.392,    2.454e-08,    2.468e-08
    4519.509,    1.184e-08,    2.617e-08
    4521.626,    3.132e-09,   -1.252e-09
    4523.743,    2.028e-08,   -7.582e-09
    4525.860,    2.340e-08,    1.208e-08
    4527.977,   -3.964e-09,    1.204e-08
    4530.093,   -1.737e-08,   -2.200e-08
    4532.210,   -2.004e-08,   -3.802e-08
    4534.327,   -1.197e-08,   -1.781e-08
    4536.444,    3.397e-09,   -2.953e-10
    4538.561,    1.068e-08,   -7.766e-09
    4540.678,    5.295e-09,   -1.576e-08
    4542.795,   -5.383e-09,   -1.000e-08
    4544.911,    1.715e-09,   -1.085e-08
    4547.028,    1.325e-08,   -7.166e-09
    4549.145,   -4.645e-09,    1.864e-08
    4551.262,   -2.345e-08,    3.357e-08
    4553.379,   -1.522e-08,    1.796e-08
    4555.496,    3.271e-09,    8.185e-09
    4557.613,    6.835e-09,    1.647e-08
    4559.730,   -1.577e-08,    1.839e-08
    4561.846,   -2.786e-08,    6.146e-09
    4563.963,   -1.839e-08,   -2.774e-09
    4566.080,   -7.293e-09,    5.181e-09
    4568.197,    2.948e-09,    9.268e-09
    4570.314,    1.528e-08,    4.260e-09
    4572.431,    2.360e-08,    7.557e-09
    4574.548,    8.978e-09,    6.111e-09
    4576.664,   -9.350e-09,    1.065e-09
    4578.781,    1.601e-09,    1.348e-08
    4580.898,    1.462e-08,    3.148e-08
    4583.015,   -5.407e-10,    3.719e-08
    4585.132,   -1.447e-08,    1.981e-08
    4587.249,   -3.109e-09,    4.043e-10
    4589.366,    1.184e-08,   -1.656e-09
    4591.482,   -4.772e-10,   -7.582e-09
    4593.599,   -1.641e-08,   -1.070e-08
    4595.716,   -3.266e-09,   -6.658e-09
    4597.833,    1.492e-08,   -8.641e-09
    4599.950,    2.708e-08,   -1.490e-08
    4602.067,    3.769e-08,   -2.007e-08
    4604.184,    3.995e-08,   -1.141e-08
    4606.301,    2.971e-08,   -3.456e-09
    4608.417,    1.628e-08,   -1.357e-08
    4610.534,    1.786e-08,   -9.305e-09
    4612.651,    2.657e-08,    1.632e-08
    4614.768,    2.022e-08,    3.010e-08
    4616.885,    1.140e-08,    1.635e-08
    4619.002,    8.953e-09,   -8.303e-09
    4621.119,   -8.755e-10,   -7.607e-09
    4623.235,   -6.534e-09,    8.900e-10
    4625.352,   -1.002e-08,   -4.985e-09
    4627.469,   -1.327e-08,   -4.569e-09
    4629.586,   -7.192e-09,    1.249e-09
    4631.703,    4.527e-09,   -4.503e-09
    4633.820,    2.187e-08,   -1.986e-08
    4635.937,    2.481e-08,   -1.813e-08
    4638.054,    6.204e-09,   -1.272e-09
    4640.170,   -5.909e-09,   -2.272e-10
    4642.287,    1.250e-09,   -5.503e-09
    4644.404,    1.606e-08,    7.152e-09
    4646.521,    1.434e-08,    2.265e-08
    4648.638,   -4.698e-09,    2.169e-08
    4650.755,   -8.754e-09,    3.049e-09
    4652.872,   -7.876e-09,   -1.222e-08
    4654.988,   -1.849e-08,   -5.313e-09
    4657.105,   -2.256e-08,    5.070e-09
    4659.222,   -1.763e-08,    9.458e-09
    4661.339,   -8.775e-09,    5.977e-09
    4663.456,   -7.089e-09,   -6.202e-09
    4665.573,   -1.457e-10,   -8.762e-09
    4667.690,    1.436e-08,    1.562e-10
    4669.807,    2.271e-09,    8.399e-09
    4671.923,   -1.981e-08,    1.408e-08
    4674.040,   -1.353e-08,    1.333e-08
    4676.157,    8.258e-09,    1.575e-08
    4678.274,    1.355e-08,    2.626e-08
    4680.391,   -1.547e-09,    2.069e-08
    4682.508,   -1.038e-08,    4.853e-09
    4684.625,   -4.260e-09,   -6.466e-09
    4686.741,   -3.371e-09,   -8.597e-09
    4688.858,   -2.385e-09,   -3.755e-09
    4690.975,    4.517e-09,   -1.554e-09
    4693.092,    1.314e-08,    3.277e-09
    4695.209,    2.119e-08,   -5.440e-09
    4697.326,    2.268e-08,   -2.425e-08
    4699.443,    2.708e-08,   -1.471e-08
    4701.560,    2.616e-08,    1.140e-08
    4703.676,    1.072e-08,    1.812e-08
    4705.793,    4.839e-09,    8.477e-09
    4707.910,    1.942e-08,    7.811e-09
    4710.027,    3.244e-08,    2.504e-08
    4712.144,    2.265e-08,    2.387e-08
    4714.261,   -6.594e-10,    1.364e-09
    4716.378,   -8.884e-09,   -4.345e-09
    4718.494,   -2.760e-09,   -4.729e-10
    4720.611,    1.371e-09,    3.038e-10
    4722.728,    9.074e-09,   -4.617e-09
    4724.845,    1.388e-08,   -9.405e-09
    4726.962,    1.266e-08,   -1.422e-08
    4729.079,    1.796e-08,   -2.754e-08
    4731.196,    2.487e-08,   -2.794e-08
    4733.313,    2.167e-08,   -7.627e-09
    4735.429,    6.854e-09,    9.786e-09
    4737.546,    3.405e-09,    8.505e-09
    4739.663,    1.927e-08,   -2.175e-09
    4741.780,    1.673e-08,   -9.487e-11
    4743.897,   -2.280e-09,    1.077e-08
    4746.014,   -9.580e-09,    5.003e-09
    4748.131,   -1.533e-08,   -3.703e-09
    4750.247,   -2.043e-08,   -1.636e-09
    4752.364,   -1.722e-08,    8.378e-10
    4754.481,   -1.549e-09,    2.141e-09
    4756.598,    9.749e-09,    4.752e-10
    4758.715,   -4.418e-09,   -2.278e-09
    4760.832,   -1.327e-08,   -1.163e-08
    4762.949,   -2.109e-09,   -1.708e-08
